0	0
500000	0
1000000	0
1500000	0
2000000	0
2500000	0
3000000	0
3500000	0
4000000	0
4500000	0
5000000	0
5500000	0
6000000	0
6500000	0
7000000	0
7500000	0
8000000	0
8500000	0
9000000	0
9500000	0
10000000	0
10500000	0
11000000	0
11500000	0
12000000	0
12500000	0
13000000	0
13500000	0
14000000	0
14500000	0
15000000	0
15500000	0
16000000	0
16500000	0
17000000	0
17500000	0
18000000	0
18500000	0
19000000	2
19500000	8
20000000	10
20500000	19
21000000	20
21500000	18
22000000	4
22500000	0
23000000	17
23500000	24
24000000	8
24500000	38
25000000	4
25500000	0
26000000	0
26500000	1
27000000	4
27500000	0
28000000	2
28500000	0
29000000	3
29500000	1
30000000	1
30500000	0
31000000	7
31500000	5
32000000	1
32500000	3
33000000	1
33500000	0
34000000	2
34500000	2
35000000	5
35500000	6
36000000	4
36500000	6
37000000	4
37500000	2
38000000	2
38500000	2
39000000	1
39500000	8
40000000	0
40500000	0
41000000	1
41500000	0
42000000	1
42500000	0
43000000	0
43500000	0
44000000	0
44500000	1
45000000	4
45500000	5
46000000	0
46500000	1
47000000	1
47500000	1
48000000	2
48500000	0
49000000	0
49500000	0
50000000	13
50500000	7
51000000	6
51500000	2
52000000	7
52500000	3
53000000	6
53500000	2
54000000	2
54500000	4
55000000	5
55500000	6
56000000	4
56500000	1
57000000	3
57500000	4
58000000	2
58500000	7
59000000	2
59500000	5
60000000	2
60500000	5
61000000	6
61500000	2
62000000	7
62500000	2
63000000	1
63500000	3
64000000	3
64500000	9
65000000	10
65500000	8
66000000	0
66500000	2
67000000	0
67500000	6
68000000	8
68500000	0
69000000	3
69500000	6
70000000	6
70500000	8
71000000	6
71500000	3
72000000	1
72500000	1
73000000	3
73500000	6
74000000	15
74500000	10
75000000	9
75500000	8
76000000	6
76500000	2
77000000	5
77500000	16
78000000	5
78500000	0
79000000	0
79500000	1
80000000	0
80500000	3
81000000	1
81500000	5
82000000	1
82500000	0
83000000	0
83500000	0
84000000	0
84500000	0
85000000	0
85500000	2
86000000	1
86500000	0
87000000	1
87500000	0
88000000	4
88500000	3
89000000	3
89500000	2
90000000	3
90500000	5
91000000	3
91500000	5
92000000	4
92500000	5
93000000	4
93500000	8
94000000	7
94500000	12
95000000	5
95500000	9
96000000	5
96500000	8
97000000	2
97500000	1
98000000	2
98500000	0
99000000	1
99500000	4
100000000	4
100500000	11
101000000	68
101500000	33
102000000	6
102500000	7
103000000	5
103500000	8
104000000	10
104500000	4
105000000	14
105500000	15
106000000	9
106500000	2
107000000	1
