0	10
500000	25
1000000	25
1500000	18
2000000	22
2500000	13
3000000	10
3500000	21
4000000	18
4500000	17
5000000	2
5500000	21
6000000	16
6500000	11
7000000	8
7500000	29
8000000	13
8500000	10
9000000	12
9500000	13
10000000	24
10500000	22
11000000	16
11500000	18
12000000	14
12500000	27
13000000	15
13500000	12
14000000	16
14500000	17
15000000	13
15500000	16
16000000	12
16500000	10
17000000	15
17500000	18
18000000	18
18500000	16
19000000	17
19500000	15
20000000	4
20500000	4
21000000	5
21500000	7
22000000	4
22500000	7
23000000	6
23500000	5
24000000	3
24500000	0
25000000	0
25500000	0
26000000	0
26500000	0
27000000	0
27500000	0
28000000	2
28500000	1
29000000	3
29500000	2
30000000	6
30500000	1
31000000	0
31500000	1
32000000	1
32500000	5
33000000	9
33500000	8
34000000	2
34500000	6
35000000	12
35500000	22
36000000	32
36500000	19
37000000	14
37500000	12
38000000	11
38500000	13
39000000	16
39500000	21
40000000	15
40500000	16
41000000	18
41500000	15
42000000	15
42500000	20
43000000	9
43500000	11
44000000	20
44500000	17
45000000	20
45500000	19
46000000	25
46500000	14
47000000	13
47500000	17
48000000	31
48500000	18
49000000	28
49500000	39
50000000	36
50500000	16
51000000	26
51500000	26
52000000	21
52500000	16
53000000	14
53500000	18
54000000	60
54500000	26
55000000	20
55500000	32
56000000	19
56500000	13
57000000	11
57500000	17
58000000	24
58500000	22
59000000	9
