0	7
500000	9
1000000	9
1500000	18
2000000	10
2500000	7
3000000	14
3500000	13
4000000	9
4500000	29
5000000	14
5500000	2
6000000	4
6500000	23
7000000	45
7500000	23
8000000	21
8500000	6
9000000	3
9500000	6
10000000	6
10500000	8
11000000	1
11500000	4
12000000	1
12500000	6
13000000	1
13500000	3
14000000	3
14500000	1
15000000	8
15500000	10
16000000	11
16500000	7
17000000	7
17500000	12
18000000	17
18500000	12
19000000	10
19500000	5
20000000	6
20500000	6
21000000	7
21500000	2
22000000	1
22500000	0
23000000	0
23500000	0
24000000	0
24500000	0
25000000	0
25500000	5
26000000	3
26500000	24
27000000	25
27500000	10
28000000	4
28500000	8
29000000	9
29500000	8
30000000	7
30500000	7
31000000	3
31500000	1
32000000	1
32500000	8
33000000	9
33500000	10
34000000	18
34500000	14
35000000	4
35500000	7
36000000	12
36500000	14
37000000	14
37500000	13
38000000	21
38500000	14
39000000	38
39500000	28
40000000	17
40500000	27
41000000	20
41500000	11
42000000	22
42500000	11
43000000	15
43500000	13
44000000	6
44500000	5
45000000	8
45500000	12
46000000	11
46500000	22
47000000	12
47500000	11
48000000	17
48500000	16
49000000	8
49500000	1
50000000	0
50500000	0
51000000	1
51500000	1
52000000	0
52500000	1
53000000	4
53500000	2
54000000	1
54500000	6
55000000	5
55500000	5
56000000	18
56500000	7
57000000	9
57500000	8
58000000	11
58500000	4
59000000	3
59500000	4
60000000	3
60500000	5
61000000	2
61500000	20
62000000	16
62500000	7
63000000	4
63500000	2
64000000	3
64500000	3
65000000	4
65500000	4
66000000	9
66500000	4
67000000	8
67500000	2
68000000	4
68500000	0
69000000	1
69500000	0
70000000	7
70500000	2
71000000	7
71500000	3
72000000	9
72500000	20
73000000	19
73500000	22
74000000	16
74500000	17
75000000	6
75500000	3
76000000	16
76500000	7
77000000	4
77500000	9
78000000	11
78500000	3
79000000	20
79500000	31
80000000	18
80500000	8
81000000	2
