0	4
500000	4
1000000	7
1500000	1
2000000	3
2500000	0
3000000	5
3500000	1
4000000	4
4500000	4
5000000	8
5500000	9
6000000	7
6500000	5
7000000	2
7500000	5
8000000	3
8500000	1
9000000	2
9500000	0
10000000	2
10500000	2
11000000	3
11500000	5
12000000	6
12500000	3
13000000	7
13500000	2
14000000	3
14500000	5
15000000	8
15500000	2
16000000	1
16500000	3
17000000	5
17500000	6
18000000	2
18500000	3
19000000	1
19500000	1
20000000	1
20500000	1
21000000	3
21500000	4
22000000	2
22500000	7
23000000	4
23500000	3
24000000	0
24500000	3
25000000	6
25500000	1
26000000	2
26500000	5
27000000	6
27500000	4
28000000	4
28500000	5
29000000	3
29500000	5
30000000	1
30500000	7
31000000	1
31500000	2
32000000	2
32500000	4
33000000	3
33500000	0
34000000	2
34500000	0
35000000	4
35500000	4
36000000	1
36500000	0
37000000	1
37500000	2
38000000	6
38500000	4
39000000	0
39500000	0
40000000	0
40500000	0
41000000	0
41500000	0
42000000	0
42500000	3
43000000	6
43500000	6
44000000	10
44500000	2
45000000	6
45500000	7
46000000	3
46500000	5
47000000	10
47500000	4
48000000	5
48500000	2
49000000	2
49500000	3
50000000	6
50500000	10
51000000	4
51500000	7
52000000	3
52500000	3
53000000	2
53500000	0
54000000	3
54500000	1
55000000	0
55500000	1
56000000	0
56500000	0
57000000	1
57500000	0
58000000	1
58500000	0
59000000	1
59500000	1
60000000	5
60500000	3
61000000	3
61500000	3
62000000	0
62500000	3
63000000	3
63500000	3
64000000	2
64500000	4
65000000	3
65500000	0
66000000	0
66500000	1
67000000	1
67500000	1
68000000	0
68500000	2
69000000	1
69500000	6
70000000	7
70500000	11
71000000	5
71500000	6
72000000	7
72500000	5
73000000	3
73500000	8
74000000	5
74500000	6
75000000	14
75500000	12
76000000	1
76500000	6
77000000	6
77500000	1
78000000	0
78500000	3
79000000	1
79500000	4
80000000	2
80500000	2
81000000	8
81500000	9
82000000	8
82500000	0
83000000	0
83500000	2
84000000	0
84500000	0
85000000	0
85500000	5
86000000	3
86500000	1
87000000	5
87500000	0
88000000	4
88500000	10
89000000	6
89500000	4
90000000	4
90500000	12
91000000	11
91500000	2
92000000	1
92500000	7
93000000	3
93500000	5
94000000	5
94500000	3
95000000	6
95500000	5
96000000	5
96500000	5
97000000	3
97500000	8
98000000	5
98500000	7
99000000	17
99500000	5
100000000	6
100500000	1
101000000	8
101500000	8
102000000	9
102500000	14
103000000	7
103500000	12
104000000	14
104500000	7
105000000	13
105500000	8
106000000	10
106500000	0
107000000	1
107500000	0
108000000	1
108500000	0
109000000	0
109500000	1
110000000	0
110500000	0
111000000	0
111500000	4
112000000	4
112500000	7
113000000	0
113500000	1
114000000	8
114500000	3
115000000	3
115500000	9
116000000	2
116500000	5
117000000	0
117500000	1
118000000	7
118500000	6
119000000	4
119500000	2
120000000	4
120500000	8
121000000	5
121500000	3
122000000	3
122500000	2
123000000	2
123500000	3
124000000	7
124500000	13
125000000	1
125500000	2
126000000	7
126500000	3
127000000	8
127500000	6
128000000	2
128500000	2
129000000	1
129500000	4
130000000	1
130500000	0
131000000	1
131500000	5
132000000	0
132500000	3
133000000	0
133500000	4
134000000	6
134500000	8
135000000	20
135500000	0
