0	0
500000	0
1000000	0
1500000	0
2000000	0
2500000	0
3000000	0
3500000	0
4000000	0
4500000	0
5000000	0
5500000	0
6000000	0
6500000	0
7000000	0
7500000	0
8000000	0
8500000	0
9000000	0
9500000	0
10000000	0
10500000	0
11000000	0
11500000	0
12000000	0
12500000	0
13000000	0
13500000	0
14000000	0
14500000	0
15000000	0
15500000	0
16000000	0
16500000	0
17000000	0
17500000	0
18000000	0
18500000	0
19000000	3
19500000	6
20000000	4
20500000	6
21000000	5
21500000	9
22000000	3
22500000	1
23000000	1
23500000	3
24000000	6
24500000	6
25000000	4
25500000	8
26000000	0
26500000	3
27000000	2
27500000	10
28000000	6
28500000	7
29000000	2
29500000	1
30000000	5
30500000	5
31000000	6
31500000	4
32000000	2
32500000	5
33000000	5
33500000	3
34000000	1
34500000	0
35000000	1
35500000	0
36000000	5
36500000	5
37000000	4
37500000	4
38000000	4
38500000	2
39000000	3
39500000	4
40000000	2
40500000	3
41000000	7
41500000	8
42000000	4
42500000	3
43000000	5
43500000	3
44000000	3
44500000	8
45000000	3
45500000	10
46000000	5
46500000	7
47000000	5
47500000	0
48000000	0
48500000	9
49000000	3
49500000	4
50000000	8
50500000	8
51000000	5
51500000	6
52000000	6
52500000	10
53000000	7
53500000	2
54000000	1
54500000	2
55000000	0
55500000	1
56000000	0
56500000	0
57000000	0
57500000	5
58000000	1
58500000	2
59000000	0
59500000	0
60000000	1
60500000	4
61000000	1
61500000	2
62000000	0
62500000	2
63000000	1
63500000	1
64000000	3
64500000	0
65000000	0
65500000	0
66000000	1
66500000	3
67000000	1
67500000	3
68000000	0
68500000	0
69000000	1
69500000	1
70000000	1
70500000	1
71000000	0
71500000	1
72000000	1
72500000	0
73000000	4
73500000	1
74000000	2
74500000	1
75000000	1
75500000	3
76000000	6
76500000	0
77000000	1
77500000	6
78000000	7
78500000	3
79000000	3
79500000	2
80000000	5
80500000	2
81000000	0
81500000	2
82000000	0
82500000	0
83000000	0
83500000	0
84000000	1
84500000	1
85000000	1
85500000	2
86000000	1
86500000	0
87000000	0
87500000	1
88000000	4
88500000	1
89000000	1
89500000	2
90000000	2
90500000	2
91000000	1
91500000	3
92000000	8
92500000	1
93000000	1
93500000	2
94000000	1
94500000	1
95000000	7
95500000	2
96000000	6
96500000	1
97000000	1
97500000	4
98000000	1
98500000	4
99000000	3
99500000	7
100000000	11
100500000	5
101000000	4
101500000	2
102000000	2
102500000	3
103000000	10
103500000	3
104000000	1
104500000	0
105000000	0
105500000	0
106000000	3
106500000	0
107000000	5
107500000	1
108000000	2
108500000	3
109000000	1
109500000	1
110000000	3
110500000	4
111000000	5
111500000	9
112000000	0
112500000	6
113000000	5
113500000	11
114000000	10
114500000	6
115000000	6
