0	24
500000	31
1000000	17
1500000	21
2000000	40
2500000	25
3000000	34
3500000	10
4000000	11
4500000	17
5000000	6
5500000	2
6000000	1
6500000	0
7000000	0
7500000	0
8000000	0
8500000	7
9000000	2
9500000	3
10000000	1
10500000	5
11000000	8
11500000	8
12000000	2
12500000	3
13000000	0
13500000	0
14000000	8
14500000	11
15000000	26
15500000	7
16000000	6
16500000	0
17000000	1
17500000	0
18000000	0
18500000	6
19000000	6
19500000	6
20000000	6
20500000	9
21000000	9
21500000	11
22000000	7
22500000	5
23000000	5
23500000	9
24000000	1
24500000	5
25000000	6
25500000	1
26000000	0
26500000	0
27000000	8
27500000	2
28000000	8
28500000	20
29000000	14
29500000	18
30000000	23
30500000	27
31000000	23
31500000	6
32000000	3
32500000	4
33000000	0
33500000	2
34000000	1
34500000	4
35000000	0
35500000	0
36000000	0
36500000	0
37000000	0
37500000	0
38000000	0
38500000	0
39000000	0
39500000	0
40000000	0
40500000	0
41000000	0
41500000	0
42000000	0
42500000	0
43000000	0
43500000	0
44000000	0
44500000	0
45000000	0
45500000	0
46000000	0
46500000	8
47000000	4
47500000	2
48000000	6
48500000	1
49000000	2
49500000	1
50000000	6
50500000	6
51000000	2
51500000	1
52000000	4
52500000	1
53000000	4
53500000	3
54000000	3
54500000	2
55000000	1
55500000	8
56000000	7
56500000	22
57000000	12
57500000	11
58000000	9
58500000	7
59000000	0
59500000	2
60000000	1
60500000	0
61000000	0
61500000	1
62000000	0
62500000	0
63000000	0
63500000	0
64000000	0
64500000	1
65000000	2
65500000	0
66000000	3
66500000	18
67000000	25
67500000	22
68000000	13
68500000	4
69000000	11
69500000	7
70000000	14
70500000	8
71000000	4
71500000	13
72000000	7
72500000	1
73000000	3
73500000	0
74000000	6
74500000	4
75000000	9
75500000	7
76000000	1
76500000	2
77000000	3
77500000	2
78000000	2
78500000	0
79000000	0
79500000	3
80000000	1
80500000	4
81000000	10
81500000	4
82000000	3
82500000	4
83000000	0
83500000	5
84000000	10
84500000	5
85000000	6
85500000	8
86000000	4
86500000	7
87000000	7
87500000	8
88000000	3
88500000	20
89000000	10
89500000	17
90000000	9
