0	21
500000	31
1000000	9
1500000	21
2000000	20
2500000	9
3000000	8
3500000	10
4000000	5
4500000	19
5000000	22
5500000	21
6000000	16
6500000	18
7000000	6
7500000	11
8000000	7
8500000	11
9000000	10
9500000	6
10000000	3
10500000	12
11000000	2
11500000	4
12000000	4
12500000	1
13000000	4
13500000	3
14000000	2
14500000	4
15000000	2
15500000	3
16000000	0
16500000	2
17000000	8
17500000	6
18000000	15
18500000	8
19000000	4
19500000	5
20000000	5
20500000	2
21000000	0
21500000	0
22000000	3
22500000	4
23000000	1
23500000	0
24000000	0
24500000	1
25000000	0
25500000	0
26000000	2
26500000	2
27000000	6
27500000	5
28000000	4
28500000	0
29000000	0
29500000	0
30000000	5
30500000	1
31000000	3
31500000	4
32000000	5
32500000	4
33000000	6
33500000	6
34000000	4
34500000	5
35000000	4
35500000	3
36000000	3
36500000	4
37000000	0
37500000	0
38000000	0
38500000	2
39000000	0
39500000	0
40000000	1
40500000	0
41000000	0
41500000	1
42000000	1
42500000	0
43000000	3
43500000	8
44000000	4
44500000	4
45000000	4
45500000	11
46000000	9
46500000	11
47000000	15
47500000	9
48000000	8
48500000	1
49000000	3
49500000	2
50000000	3
50500000	0
51000000	1
51500000	1
52000000	0
52500000	0
53000000	0
53500000	0
54000000	0
54500000	0
55000000	10
55500000	20
56000000	19
56500000	6
57000000	20
57500000	10
58000000	11
58500000	8
59000000	11
59500000	10
60000000	12
60500000	14
61000000	16
61500000	16
62000000	28
62500000	25
63000000	9
63500000	14
64000000	21
64500000	35
65000000	24
65500000	23
66000000	26
66500000	9
67000000	30
67500000	10
68000000	4
68500000	10
69000000	4
69500000	6
70000000	6
70500000	2
71000000	10
71500000	18
72000000	7
72500000	5
73000000	6
73500000	8
74000000	8
74500000	7
75000000	11
75500000	2
76000000	7
76500000	6
77000000	5
77500000	11
78000000	4
78500000	0
79000000	2
79500000	0
80000000	1
80500000	0
81000000	0
81500000	2
82000000	1
82500000	8
83000000	1
83500000	0
84000000	0
84500000	0
85000000	5
85500000	4
86000000	3
86500000	5
87000000	0
87500000	2
88000000	3
88500000	1
89000000	3
89500000	11
90000000	1
90500000	1
91000000	0
91500000	0
92000000	1
92500000	2
93000000	15
93500000	4
94000000	8
94500000	9
95000000	0
95500000	4
96000000	4
96500000	0
97000000	0
97500000	0
98000000	0
98500000	1
99000000	0
99500000	0
100000000	0
100500000	5
101000000	2
101500000	4
102000000	5
102500000	10
103000000	0
103500000	3
104000000	2
104500000	8
105000000	2
105500000	3
106000000	1
106500000	1
107000000	4
107500000	5
108000000	5
108500000	1
109000000	1
109500000	1
110000000	3
110500000	0
111000000	12
111500000	14
112000000	9
112500000	2
113000000	5
113500000	7
114000000	7
114500000	1
115000000	1
115500000	1
116000000	0
116500000	8
117000000	10
117500000	7
118000000	18
118500000	21
119000000	13
119500000	3
120000000	6
120500000	5
121000000	2
121500000	3
122000000	2
122500000	7
123000000	3
123500000	13
124000000	13
124500000	15
125000000	8
125500000	9
126000000	9
126500000	5
127000000	1
127500000	0
128000000	3
128500000	7
129000000	2
129500000	5
130000000	4
130500000	5
131000000	1
131500000	2
132000000	2
132500000	0
133000000	0
133500000	7
134000000	8
134500000	0
135000000	0
