0	20
500000	16
1000000	37
1500000	14
2000000	13
2500000	6
3000000	4
3500000	11
4000000	2
4500000	1
5000000	0
5500000	3
6000000	13
6500000	11
7000000	0
7500000	4
8000000	6
8500000	4
9000000	10
9500000	8
10000000	8
10500000	4
11000000	9
11500000	17
12000000	8
12500000	20
13000000	16
13500000	3
14000000	1
14500000	0
15000000	4
15500000	10
16000000	15
16500000	14
17000000	7
17500000	7
18000000	3
18500000	2
19000000	6
19500000	13
20000000	9
20500000	13
21000000	4
21500000	5
22000000	9
22500000	7
23000000	9
23500000	11
24000000	15
24500000	9
25000000	4
25500000	8
26000000	14
26500000	15
27000000	12
27500000	12
28000000	10
28500000	18
29000000	5
29500000	3
30000000	1
30500000	0
31000000	9
31500000	7
32000000	9
32500000	18
33000000	12
33500000	9
34000000	2
34500000	1
35000000	10
35500000	4
36000000	8
36500000	13
37000000	1
37500000	6
38000000	15
38500000	3
39000000	7
39500000	5
40000000	12
40500000	11
41000000	11
41500000	2
42000000	1
42500000	6
43000000	14
43500000	16
44000000	12
44500000	6
45000000	18
45500000	8
46000000	8
46500000	13
47000000	12
47500000	11
48000000	1
48500000	4
49000000	1
49500000	2
50000000	0
50500000	3
51000000	1
51500000	7
52000000	6
52500000	7
53000000	10
53500000	11
54000000	7
54500000	7
55000000	11
55500000	4
56000000	0
56500000	1
57000000	5
57500000	0
58000000	1
58500000	1
59000000	5
59500000	2
60000000	5
60500000	0
61000000	2
61500000	2
62000000	3
62500000	6
63000000	2
63500000	7
64000000	3
64500000	3
65000000	4
65500000	6
66000000	1
66500000	2
67000000	6
67500000	4
68000000	3
68500000	6
69000000	0
69500000	0
70000000	2
70500000	5
71000000	2
71500000	5
72000000	1
72500000	0
73000000	0
73500000	1
74000000	1
74500000	3
75000000	4
75500000	2
76000000	9
76500000	1
77000000	1
77500000	3
78000000	7
78500000	3
79000000	3
79500000	0
80000000	0
80500000	0
81000000	1
81500000	1
82000000	1
82500000	0
83000000	1
83500000	0
84000000	4
84500000	7
85000000	7
85500000	7
86000000	3
86500000	4
87000000	5
87500000	4
88000000	0
88500000	0
89000000	6
89500000	8
90000000	6
90500000	0
91000000	2
91500000	2
92000000	3
92500000	8
93000000	4
93500000	6
94000000	6
94500000	3
95000000	6
95500000	7
96000000	1
96500000	1
97000000	1
97500000	2
98000000	2
98500000	3
99000000	3
99500000	2
100000000	6
100500000	9
101000000	7
101500000	3
102000000	2
102500000	0
103000000	1
103500000	1
104000000	7
104500000	1
105000000	0
105500000	0
106000000	1
106500000	0
107000000	0
107500000	2
108000000	2
108500000	4
109000000	9
109500000	12
110000000	16
110500000	14
111000000	7
111500000	11
112000000	12
112500000	2
113000000	12
113500000	4
114000000	9
114500000	3
115000000	7
115500000	3
116000000	5
116500000	5
117000000	6
117500000	8
118000000	5
118500000	0
119000000	1
119500000	6
120000000	10
120500000	3
121000000	4
121500000	0
122000000	0
122500000	0
123000000	0
123500000	0
124000000	0
124500000	0
125000000	0
125500000	0
126000000	0
126500000	0
127000000	0
127500000	0
128000000	0
128500000	0
129000000	0
129500000	0
130000000	0
130500000	0
131000000	0
131500000	0
132000000	0
132500000	0
133000000	0
133500000	0
134000000	0
134500000	0
135000000	0
135500000	0
136000000	0
136500000	0
137000000	0
137500000	0
138000000	0
138500000	0
139000000	0
139500000	0
140000000	0
140500000	0
141000000	0
141500000	0
142000000	0
142500000	1
143000000	1
143500000	6
144000000	5
144500000	4
145000000	10
145500000	14
146000000	3
146500000	7
147000000	5
147500000	3
148000000	4
148500000	4
149000000	3
149500000	20
150000000	14
150500000	15
151000000	22
151500000	16
152000000	12
152500000	24
153000000	20
153500000	28
154000000	11
154500000	15
155000000	27
155500000	17
156000000	22
156500000	19
157000000	4
157500000	6
158000000	10
158500000	13
159000000	7
159500000	15
160000000	16
160500000	10
161000000	25
161500000	11
162000000	7
162500000	4
163000000	5
163500000	0
164000000	0
164500000	2
165000000	3
165500000	8
166000000	2
166500000	5
167000000	5
167500000	7
168000000	8
168500000	5
169000000	6
169500000	7
170000000	5
170500000	3
171000000	9
171500000	5
172000000	6
172500000	2
173000000	6
173500000	21
174000000	3
174500000	3
175000000	3
175500000	3
176000000	1
176500000	2
177000000	2
177500000	3
178000000	3
178500000	5
179000000	4
179500000	6
180000000	6
180500000	4
181000000	5
181500000	0
182000000	6
182500000	8
183000000	4
183500000	5
184000000	2
184500000	2
185000000	5
185500000	2
186000000	7
186500000	3
187000000	2
187500000	0
188000000	0
188500000	0
189000000	0
189500000	0
190000000	2
190500000	1
191000000	0
191500000	0
192000000	2
192500000	6
193000000	6
193500000	0
194000000	0
194500000	0
195000000	0
195500000	0
196000000	1
196500000	7
197000000	4
197500000	3
198000000	2
198500000	6
199000000	0
199500000	1
200000000	2
200500000	7
201000000	11
201500000	12
202000000	7
202500000	13
203000000	11
203500000	7
204000000	12
204500000	2
205000000	12
205500000	10
206000000	4
206500000	10
207000000	11
207500000	7
208000000	2
208500000	0
209000000	0
209500000	10
210000000	4
210500000	2
211000000	1
211500000	7
212000000	5
212500000	9
213000000	6
213500000	1
214000000	3
214500000	2
215000000	1
215500000	2
216000000	1
216500000	1
217000000	0
217500000	3
218000000	3
218500000	4
219000000	2
219500000	0
220000000	11
220500000	4
221000000	3
221500000	2
222000000	1
222500000	8
223000000	2
223500000	4
224000000	7
224500000	4
225000000	1
225500000	3
226000000	12
226500000	4
227000000	3
227500000	5
228000000	14
228500000	11
229000000	3
229500000	6
230000000	2
230500000	4
231000000	12
231500000	6
232000000	1
232500000	3
233000000	3
233500000	2
234000000	2
234500000	8
235000000	7
235500000	4
236000000	4
236500000	6
237000000	2
237500000	1
238000000	2
238500000	1
239000000	0
239500000	2
240000000	3
240500000	3
241000000	1
241500000	5
242000000	4
242500000	0
243000000	3
243500000	2
244000000	2
244500000	5
245000000	5
245500000	1
246000000	0
246500000	5
247000000	10
247500000	12
248000000	19
248500000	17
249000000	5
