0	0
500000	0
1000000	0
1500000	0
2000000	0
2500000	0
3000000	0
3500000	0
4000000	0
4500000	0
5000000	0
5500000	0
6000000	0
6500000	0
7000000	0
7500000	0
8000000	0
8500000	0
9000000	0
9500000	0
10000000	0
10500000	0
11000000	0
11500000	0
12000000	0
12500000	0
13000000	0
13500000	0
14000000	0
14500000	0
15000000	0
15500000	0
16000000	0
16500000	0
17000000	0
17500000	0
18000000	0
18500000	0
19000000	0
19500000	0
20000000	1
20500000	4
21000000	11
21500000	1
22000000	6
22500000	10
23000000	8
23500000	6
24000000	2
24500000	3
25000000	86
25500000	6
26000000	3
26500000	1
27000000	3
27500000	0
28000000	2
28500000	5
29000000	5
29500000	2
30000000	4
30500000	7
31000000	5
31500000	3
32000000	1
32500000	7
33000000	3
33500000	3
34000000	5
34500000	9
35000000	5
35500000	4
36000000	1
36500000	1
37000000	4
37500000	0
38000000	2
38500000	4
39000000	0
39500000	3
40000000	6
40500000	19
41000000	13
41500000	12
42000000	14
42500000	8
43000000	6
43500000	13
44000000	12
44500000	6
45000000	10
45500000	10
46000000	0
46500000	0
47000000	0
47500000	0
48000000	6
48500000	2
49000000	8
49500000	3
50000000	2
50500000	9
51000000	3
51500000	7
52000000	10
52500000	4
53000000	1
53500000	1
54000000	1
54500000	0
55000000	2
55500000	9
56000000	2
56500000	3
57000000	1
57500000	7
58000000	2
58500000	4
59000000	7
59500000	4
60000000	1
60500000	5
61000000	0
61500000	0
62000000	3
62500000	4
63000000	5
63500000	7
64000000	8
64500000	4
65000000	14
65500000	8
66000000	4
66500000	15
67000000	2
67500000	4
68000000	5
68500000	3
69000000	8
69500000	6
70000000	3
70500000	3
71000000	6
71500000	1
72000000	5
72500000	10
73000000	3
73500000	5
74000000	12
74500000	10
75000000	16
75500000	12
76000000	9
76500000	5
77000000	4
77500000	5
78000000	8
78500000	9
79000000	6
79500000	4
80000000	8
80500000	5
81000000	6
81500000	4
82000000	3
82500000	9
83000000	10
83500000	8
84000000	2
84500000	7
85000000	12
85500000	4
86000000	3
86500000	3
87000000	0
87500000	0
88000000	2
88500000	1
89000000	12
89500000	7
90000000	14
90500000	11
91000000	10
91500000	5
92000000	2
92500000	1
93000000	8
93500000	1
94000000	3
94500000	1
95000000	1
95500000	2
96000000	0
96500000	3
97000000	2
97500000	1
98000000	2
98500000	3
99000000	3
99500000	6
100000000	3
100500000	4
101000000	5
101500000	6
102000000	7
102500000	2
