0	10
500000	4
1000000	2
1500000	7
2000000	6
2500000	9
3000000	3
3500000	4
4000000	4
4500000	9
5000000	3
5500000	2
6000000	6
6500000	31
7000000	19
7500000	9
8000000	11
8500000	8
9000000	10
9500000	9
10000000	15
10500000	18
11000000	16
11500000	4
12000000	7
12500000	9
13000000	10
13500000	2
14000000	0
14500000	10
15000000	8
15500000	1
16000000	3
16500000	2
17000000	1
17500000	1
18000000	2
18500000	2
19000000	1
19500000	1
20000000	1
20500000	3
21000000	3
21500000	9
22000000	2
22500000	2
23000000	1
23500000	1
24000000	2
24500000	2
25000000	5
25500000	1
26000000	6
26500000	0
27000000	7
27500000	7
28000000	2
28500000	0
29000000	3
29500000	3
30000000	0
30500000	3
31000000	5
31500000	5
32000000	2
32500000	4
33000000	0
33500000	1
34000000	1
34500000	0
35000000	0
35500000	0
36000000	0
36500000	0
37000000	0
37500000	0
38000000	0
38500000	1
39000000	1
39500000	2
40000000	2
40500000	2
41000000	1
41500000	1
42000000	1
42500000	5
43000000	1
43500000	1
44000000	4
44500000	1
45000000	2
45500000	3
46000000	3
46500000	3
47000000	3
47500000	3
48000000	10
48500000	10
49000000	24
49500000	13
50000000	17
50500000	8
51000000	8
51500000	8
52000000	8
52500000	18
53000000	19
53500000	20
54000000	22
54500000	17
55000000	6
55500000	14
56000000	23
56500000	24
57000000	16
57500000	21
58000000	20
58500000	2
59000000	1
59500000	0
60000000	1
60500000	0
61000000	0
61500000	0
62000000	1
62500000	5
63000000	1
63500000	2
64000000	3
64500000	4
65000000	7
65500000	3
66000000	4
66500000	7
67000000	1
67500000	2
68000000	4
68500000	5
69000000	8
69500000	8
70000000	5
70500000	4
71000000	1
71500000	2
72000000	7
72500000	2
73000000	0
73500000	1
74000000	0
74500000	2
75000000	1
75500000	5
76000000	2
76500000	2
77000000	3
77500000	0
78000000	1
78500000	0
79000000	1
79500000	3
80000000	1
80500000	2
81000000	7
81500000	3
82000000	1
82500000	2
83000000	1
83500000	0
84000000	0
84500000	0
85000000	3
85500000	1
86000000	3
86500000	1
87000000	0
87500000	0
88000000	4
88500000	2
89000000	1
89500000	5
90000000	1
90500000	0
91000000	5
91500000	1
92000000	1
92500000	3
93000000	4
93500000	8
94000000	2
94500000	6
95000000	5
95500000	5
96000000	7
96500000	3
97000000	1
97500000	3
98000000	3
98500000	6
99000000	4
99500000	0
100000000	2
100500000	8
101000000	1
101500000	5
102000000	6
102500000	3
103000000	3
103500000	4
104000000	8
104500000	5
105000000	4
105500000	4
106000000	2
106500000	5
107000000	5
107500000	1
108000000	5
108500000	7
109000000	9
109500000	9
110000000	10
110500000	9
111000000	7
111500000	4
112000000	11
112500000	5
113000000	6
113500000	14
114000000	2
114500000	2
115000000	1
115500000	0
116000000	1
116500000	4
117000000	6
117500000	4
118000000	2
118500000	4
119000000	1
119500000	3
120000000	5
120500000	17
121000000	12
121500000	7
122000000	11
122500000	11
123000000	13
123500000	10
124000000	12
124500000	3
125000000	5
125500000	3
126000000	1
126500000	2
127000000	5
127500000	1
128000000	4
128500000	6
129000000	2
129500000	3
130000000	0
130500000	5
131000000	4
131500000	2
132000000	5
132500000	7
133000000	12
133500000	8
