0	6
500000	7
1000000	1
1500000	0
2000000	0
2500000	7
3000000	7
3500000	5
4000000	1
4500000	0
5000000	5
5500000	4
6000000	2
6500000	5
7000000	1
7500000	1
8000000	1
8500000	3
9000000	5
9500000	5
10000000	2
10500000	4
11000000	1
11500000	6
12000000	7
12500000	6
13000000	2
13500000	6
14000000	4
14500000	5
15000000	1
15500000	0
16000000	0
16500000	0
17000000	0
17500000	0
18000000	0
18500000	2
19000000	8
19500000	3
20000000	1
20500000	4
21000000	5
21500000	5
22000000	3
22500000	1
23000000	0
23500000	3
24000000	7
24500000	0
25000000	0
25500000	1
26000000	0
26500000	0
27000000	0
27500000	1
28000000	0
28500000	7
29000000	7
29500000	4
30000000	2
30500000	1
31000000	2
31500000	0
32000000	1
32500000	6
33000000	4
33500000	7
34000000	3
34500000	1
35000000	2
35500000	0
36000000	0
36500000	1
37000000	3
37500000	1
38000000	0
38500000	0
39000000	1
39500000	2
40000000	1
40500000	1
41000000	0
41500000	1
42000000	2
42500000	1
43000000	5
43500000	5
44000000	3
44500000	9
45000000	1
45500000	1
46000000	3
46500000	2
47000000	12
47500000	5
48000000	4
48500000	3
49000000	0
49500000	1
50000000	0
50500000	1
51000000	2
51500000	5
52000000	2
52500000	3
53000000	2
53500000	2
54000000	2
54500000	2
55000000	6
55500000	1
56000000	6
56500000	7
57000000	1
57500000	1
58000000	1
58500000	0
59000000	3
59500000	3
60000000	2
60500000	2
61000000	8
61500000	7
62000000	0
62500000	0
63000000	1
63500000	0
64000000	1
64500000	1
65000000	2
65500000	0
66000000	2
66500000	0
67000000	1
67500000	3
68000000	3
68500000	0
69000000	2
69500000	0
70000000	2
70500000	2
71000000	0
71500000	4
72000000	6
72500000	2
73000000	1
73500000	1
74000000	6
74500000	4
75000000	0
75500000	1
76000000	0
76500000	2
77000000	2
77500000	9
78000000	0
