0	0
500000	0
1000000	0
1500000	0
2000000	0
2500000	0
3000000	0
3500000	0
4000000	0
4500000	0
5000000	0
5500000	0
6000000	0
6500000	0
7000000	0
7500000	0
8000000	0
8500000	0
9000000	0
9500000	5
10000000	0
10500000	1
11000000	5
11500000	0
12000000	0
12500000	0
13000000	0
13500000	0
14000000	1
14500000	3
15000000	6
15500000	6
16000000	1
16500000	0
17000000	2
17500000	3
18000000	0
18500000	3
19000000	4
19500000	2
20000000	0
20500000	0
21000000	0
21500000	0
22000000	2
22500000	0
23000000	4
23500000	0
24000000	0
24500000	1
25000000	0
25500000	1
26000000	1
26500000	5
27000000	4
27500000	1
28000000	3
28500000	1
29000000	4
29500000	1
30000000	6
30500000	5
31000000	1
31500000	28
32000000	10
32500000	0
33000000	4
33500000	8
34000000	9
34500000	13
35000000	5
35500000	7
36000000	5
36500000	1
37000000	6
37500000	6
38000000	6
38500000	4
39000000	2
39500000	4
40000000	5
40500000	10
41000000	4
41500000	3
42000000	0
42500000	8
43000000	11
43500000	9
44000000	7
44500000	11
45000000	8
45500000	19
46000000	23
46500000	8
47000000	4
47500000	11
48000000	2
