0	4
500000	4
1000000	1
1500000	2
2000000	1
2500000	1
3000000	2
3500000	7
4000000	1
4500000	1
5000000	0
5500000	2
6000000	3
6500000	7
7000000	4
7500000	1
8000000	3
8500000	5
9000000	1
9500000	6
10000000	7
10500000	6
11000000	6
11500000	8
12000000	2
12500000	2
13000000	1
13500000	0
14000000	1
14500000	2
15000000	1
15500000	2
16000000	4
16500000	1
17000000	0
17500000	5
18000000	1
18500000	3
19000000	0
19500000	2
20000000	8
20500000	5
21000000	2
21500000	1
22000000	0
22500000	1
23000000	0
23500000	2
24000000	10
24500000	1
25000000	9
25500000	3
26000000	5
26500000	8
27000000	19
27500000	22
28000000	5
28500000	5
29000000	9
29500000	0
30000000	2
30500000	3
31000000	3
31500000	2
32000000	5
32500000	6
33000000	3
33500000	5
34000000	1
34500000	1
35000000	0
35500000	0
36000000	0
36500000	4
37000000	9
37500000	2
38000000	5
38500000	5
39000000	8
39500000	3
40000000	2
40500000	0
41000000	0
41500000	0
42000000	6
42500000	5
43000000	4
43500000	2
44000000	5
44500000	4
45000000	4
45500000	2
46000000	0
46500000	9
47000000	7
47500000	5
48000000	2
48500000	6
49000000	2
49500000	0
50000000	1
50500000	1
51000000	0
51500000	0
52000000	0
52500000	1
53000000	0
53500000	3
54000000	6
54500000	4
55000000	4
55500000	5
56000000	7
56500000	0
57000000	0
57500000	0
58000000	2
58500000	1
59000000	1
59500000	0
60000000	0
60500000	4
61000000	9
61500000	2
62000000	5
62500000	2
63000000	4
63500000	1
64000000	5
64500000	7
65000000	6
65500000	1
66000000	0
66500000	7
67000000	5
67500000	1
68000000	5
68500000	6
69000000	5
69500000	5
70000000	10
70500000	5
71000000	14
71500000	2
72000000	2
72500000	0
73000000	9
73500000	8
74000000	11
74500000	23
75000000	5
75500000	4
76000000	0
76500000	0
77000000	1
77500000	2
78000000	3
78500000	0
79000000	5
79500000	3
80000000	1
80500000	1
81000000	0
81500000	1
82000000	0
82500000	0
83000000	1
83500000	0
84000000	0
84500000	3
85000000	4
85500000	17
86000000	12
86500000	5
87000000	8
87500000	1
88000000	5
88500000	5
89000000	2
89500000	0
90000000	0
90500000	0
91000000	0
91500000	2
92000000	1
92500000	0
93000000	0
93500000	0
94000000	0
94500000	0
95000000	2
95500000	8
96000000	4
96500000	12
97000000	9
97500000	9
98000000	6
98500000	2
99000000	6
99500000	9
100000000	2
100500000	2
101000000	4
101500000	8
102000000	2
102500000	6
103000000	6
103500000	0
104000000	0
104500000	1
105000000	6
105500000	7
106000000	2
106500000	3
107000000	2
107500000	1
108000000	3
108500000	6
109000000	4
109500000	5
110000000	2
110500000	14
111000000	5
111500000	2
112000000	3
112500000	7
113000000	8
113500000	12
114000000	12
114500000	4
115000000	1
115500000	2
116000000	0
116500000	0
117000000	0
117500000	0
118000000	0
118500000	3
119000000	1
119500000	4
120000000	7
120500000	3
121000000	3
121500000	2
122000000	4
122500000	1
123000000	0
123500000	0
124000000	0
124500000	1
125000000	0
125500000	0
126000000	0
126500000	0
127000000	1
127500000	2
128000000	11
128500000	4
129000000	1
129500000	2
130000000	0
130500000	11
131000000	13
131500000	5
132000000	12
132500000	2
133000000	5
133500000	1
134000000	1
134500000	1
135000000	2
135500000	7
136000000	3
136500000	6
137000000	0
137500000	1
138000000	0
138500000	2
139000000	2
139500000	1
140000000	0
140500000	1
141000000	1
141500000	0
142000000	0
142500000	0
143000000	0
143500000	2
144000000	0
144500000	2
145000000	4
145500000	0
146000000	0
146500000	0
147000000	1
147500000	0
148000000	0
148500000	3
149000000	1
149500000	2
150000000	3
150500000	0
151000000	3
151500000	0
152000000	8
152500000	3
153000000	1
153500000	2
154000000	1
154500000	1
155000000	1
155500000	1
156000000	0
156500000	1
157000000	2
157500000	0
158000000	4
158500000	2
159000000	3
159500000	2
160000000	4
160500000	6
161000000	3
161500000	0
162000000	7
162500000	3
163000000	4
163500000	1
164000000	1
164500000	0
165000000	1
165500000	5
166000000	2
166500000	7
167000000	2
167500000	2
168000000	0
168500000	3
169000000	2
169500000	7
170000000	4
170500000	7
171000000	2
171500000	7
172000000	3
172500000	7
173000000	2
173500000	3
174000000	2
174500000	2
175000000	6
175500000	3
176000000	2
176500000	9
177000000	10
177500000	1
178000000	11
178500000	1
179000000	9
179500000	3
180000000	1
180500000	2
181000000	0
181500000	3
182000000	3
182500000	3
183000000	1
183500000	5
184000000	0
184500000	0
185000000	2
185500000	0
186000000	0
186500000	3
187000000	2
187500000	2
188000000	2
188500000	1
189000000	2
189500000	7
190000000	2
190500000	7
191000000	5
191500000	4
192000000	1
192500000	4
193000000	0
193500000	1
194000000	0
194500000	0
195000000	1
195500000	1
196000000	0
196500000	3
197000000	2
197500000	6
198000000	10
198500000	3
199000000	1
199500000	0
200000000	3
200500000	4
201000000	4
201500000	11
202000000	8
202500000	5
203000000	7
203500000	4
204000000	3
204500000	3
205000000	1
205500000	0
206000000	0
206500000	4
207000000	7
207500000	9
208000000	5
208500000	7
209000000	7
209500000	0
210000000	1
210500000	4
211000000	6
211500000	0
212000000	1
212500000	0
213000000	1
213500000	4
214000000	2
214500000	1
215000000	2
215500000	3
216000000	4
216500000	5
217000000	5
217500000	4
218000000	2
218500000	5
219000000	18
219500000	21
220000000	28
220500000	1
221000000	0
221500000	0
222000000	1
222500000	0
223000000	4
223500000	3
224000000	1
224500000	4
225000000	2
225500000	2
226000000	1
226500000	0
227000000	1
227500000	4
228000000	7
228500000	4
229000000	0
229500000	1
230000000	1
230500000	3
231000000	4
231500000	10
232000000	10
232500000	6
233000000	12
233500000	6
234000000	6
234500000	16
235000000	1
235500000	2
236000000	2
236500000	0
237000000	4
237500000	1
238000000	5
238500000	6
239000000	11
239500000	4
240000000	4
240500000	6
241000000	7
241500000	11
242000000	11
242500000	11
243000000	1
