0	15
500000	7
1000000	12
1500000	7
2000000	7
2500000	16
3000000	13
3500000	15
4000000	3
4500000	5
5000000	9
5500000	7
6000000	3
6500000	1
7000000	3
7500000	2
8000000	1
8500000	0
9000000	3
9500000	2
10000000	5
10500000	4
11000000	1
11500000	2
12000000	0
12500000	4
13000000	3
13500000	4
14000000	1
14500000	2
15000000	0
15500000	1
16000000	1
16500000	2
17000000	2
17500000	6
18000000	10
18500000	7
19000000	2
19500000	2
20000000	4
20500000	0
21000000	5
21500000	3
22000000	3
22500000	3
23000000	12
23500000	8
24000000	2
24500000	3
25000000	8
25500000	7
26000000	4
26500000	0
27000000	0
27500000	0
28000000	0
28500000	0
29000000	0
29500000	9
30000000	18
30500000	11
31000000	7
31500000	12
32000000	9
32500000	7
33000000	9
33500000	13
34000000	13
34500000	5
35000000	10
35500000	8
36000000	5
36500000	8
37000000	14
37500000	3
38000000	0
38500000	1
39000000	1
39500000	7
40000000	1
40500000	1
41000000	1
41500000	0
42000000	6
42500000	8
43000000	13
43500000	17
44000000	24
44500000	14
45000000	7
45500000	4
46000000	2
46500000	3
47000000	1
47500000	11
48000000	3
48500000	13
49000000	7
49500000	5
50000000	5
50500000	1
51000000	1
51500000	1
52000000	3
52500000	4
53000000	1
53500000	0
54000000	2
54500000	6
55000000	5
55500000	7
56000000	6
56500000	5
57000000	11
57500000	8
58000000	3
58500000	7
59000000	3
59500000	1
60000000	1
60500000	16
61000000	15
61500000	20
62000000	21
62500000	24
63000000	0
