0	0
500000	0
1000000	0
1500000	0
2000000	0
2500000	0
3000000	0
3500000	0
4000000	0
4500000	0
5000000	0
5500000	0
6000000	0
6500000	0
7000000	0
7500000	0
8000000	0
8500000	0
9000000	0
9500000	0
10000000	0
10500000	0
11000000	0
11500000	0
12000000	0
12500000	0
13000000	0
13500000	0
14000000	0
14500000	0
15000000	0
15500000	0
16000000	4
16500000	0
17000000	6
17500000	9
18000000	9
18500000	8
19000000	15
19500000	12
20000000	18
20500000	4
21000000	18
21500000	11
22000000	7
22500000	8
23000000	6
23500000	9
24000000	21
24500000	12
25000000	8
25500000	7
26000000	1
26500000	8
27000000	4
27500000	0
28000000	6
28500000	1
29000000	8
29500000	14
30000000	8
30500000	16
31000000	9
31500000	13
32000000	7
32500000	11
33000000	1
33500000	2
34000000	1
34500000	0
35000000	1
35500000	8
36000000	4
36500000	10
37000000	10
37500000	11
38000000	23
38500000	12
39000000	17
39500000	16
40000000	4
40500000	5
41000000	10
41500000	14
42000000	19
42500000	12
43000000	8
43500000	8
44000000	5
44500000	5
45000000	5
45500000	9
46000000	10
46500000	11
47000000	4
47500000	1
48000000	2
48500000	3
49000000	2
49500000	2
50000000	8
50500000	21
51000000	10
