0	3
500000	1
1000000	1
1500000	0
2000000	1
2500000	1
3000000	4
3500000	1
4000000	2
4500000	4
5000000	4
5500000	0
6000000	0
6500000	3
7000000	0
7500000	2
8000000	1
8500000	6
9000000	6
9500000	18
10000000	17
10500000	3
11000000	4
11500000	2
12000000	3
12500000	9
13000000	1
13500000	8
14000000	6
14500000	6
15000000	9
15500000	5
16000000	4
16500000	4
17000000	1
17500000	0
18000000	3
18500000	0
19000000	2
19500000	2
20000000	6
20500000	0
21000000	2
21500000	2
22000000	0
22500000	0
23000000	2
23500000	5
24000000	3
24500000	2
25000000	1
25500000	5
26000000	0
26500000	1
27000000	2
27500000	2
28000000	3
28500000	1
29000000	2
29500000	1
30000000	0
30500000	2
31000000	1
31500000	3
32000000	4
32500000	5
33000000	6
33500000	2
34000000	0
34500000	1
35000000	0
35500000	2
36000000	1
36500000	2
37000000	6
37500000	2
38000000	12
38500000	4
39000000	12
39500000	2
40000000	5
40500000	3
41000000	2
41500000	0
42000000	3
42500000	18
43000000	5
43500000	1
44000000	4
44500000	14
45000000	5
45500000	9
46000000	8
46500000	14
47000000	8
47500000	5
48000000	13
48500000	22
49000000	25
49500000	18
50000000	25
50500000	6
51000000	3
51500000	14
52000000	23
52500000	21
53000000	4
53500000	5
54000000	1
54500000	3
55000000	1
55500000	3
56000000	0
56500000	4
57000000	6
57500000	6
58000000	7
58500000	4
59000000	0
59500000	1
60000000	0
60500000	1
61000000	0
61500000	1
62000000	4
62500000	0
63000000	3
63500000	7
64000000	5
64500000	4
65000000	1
65500000	1
66000000	2
66500000	0
67000000	3
67500000	1
68000000	1
68500000	1
69000000	7
69500000	1
70000000	1
70500000	0
71000000	2
71500000	4
72000000	3
72500000	2
73000000	3
73500000	2
74000000	1
74500000	0
75000000	1
75500000	6
76000000	0
76500000	0
77000000	1
77500000	0
78000000	0
78500000	1
79000000	1
79500000	1
80000000	0
80500000	0
81000000	1
81500000	1
82000000	0
82500000	0
83000000	0
83500000	0
84000000	0
84500000	1
85000000	3
85500000	1
86000000	0
86500000	1
87000000	4
87500000	0
88000000	4
88500000	0
89000000	1
89500000	0
90000000	0
90500000	0
91000000	0
91500000	0
92000000	0
92500000	0
93000000	0
93500000	5
94000000	0
94500000	1
95000000	1
95500000	0
96000000	1
96500000	1
97000000	1
97500000	8
98000000	10
98500000	1
99000000	2
99500000	6
100000000	7
100500000	1
101000000	10
101500000	2
102000000	1
102500000	0
103000000	1
103500000	1
104000000	0
104500000	0
105000000	2
105500000	0
106000000	0
106500000	2
107000000	4
107500000	5
108000000	5
108500000	5
109000000	4
109500000	0
110000000	0
110500000	2
111000000	5
111500000	7
112000000	7
112500000	6
113000000	9
113500000	6
114000000	6
114500000	2
115000000	1
115500000	1
116000000	2
116500000	2
117000000	0
117500000	0
118000000	0
118500000	6
119000000	11
119500000	3
120000000	7
120500000	2
121000000	6
121500000	5
122000000	11
122500000	6
123000000	5
123500000	3
124000000	5
124500000	5
125000000	2
125500000	9
126000000	11
126500000	2
127000000	9
127500000	5
128000000	8
128500000	12
129000000	11
129500000	5
130000000	3
130500000	3
131000000	6
131500000	1
132000000	8
132500000	2
133000000	4
133500000	5
134000000	6
134500000	1
135000000	0
135500000	3
136000000	1
136500000	4
137000000	2
137500000	6
138000000	5
138500000	8
139000000	6
139500000	1
140000000	2
140500000	3
141000000	4
141500000	3
142000000	4
142500000	8
143000000	1
143500000	1
144000000	0
144500000	0
145000000	0
145500000	2
146000000	3
146500000	0
147000000	3
147500000	0
148000000	1
148500000	7
149000000	8
149500000	4
150000000	9
150500000	5
151000000	9
151500000	3
152000000	2
152500000	2
153000000	1
153500000	3
154000000	1
154500000	2
155000000	3
155500000	4
156000000	5
156500000	6
157000000	2
157500000	2
158000000	5
158500000	4
159000000	2
159500000	5
160000000	8
160500000	2
161000000	3
161500000	0
162000000	0
162500000	1
163000000	0
163500000	1
164000000	1
164500000	3
165000000	1
165500000	0
166000000	0
166500000	1
167000000	5
167500000	3
168000000	1
168500000	2
169000000	3
169500000	9
170000000	4
170500000	4
171000000	2
171500000	3
172000000	4
172500000	1
173000000	1
173500000	1
174000000	0
174500000	3
175000000	3
175500000	0
176000000	2
176500000	2
177000000	2
177500000	1
178000000	3
178500000	4
179000000	7
179500000	2
180000000	4
180500000	3
181000000	2
181500000	1
182000000	1
182500000	6
183000000	5
183500000	17
184000000	12
184500000	5
185000000	6
185500000	4
186000000	8
186500000	15
187000000	5
187500000	3
188000000	2
188500000	3
189000000	0
189500000	4
190000000	4
190500000	5
191000000	3
191500000	2
192000000	0
192500000	4
193000000	5
193500000	5
194000000	11
194500000	5
195000000	8
195500000	8
196000000	14
196500000	7
197000000	7
197500000	7
198000000	0
