0	9
500000	12
1000000	12
1500000	10
2000000	9
2500000	8
3000000	6
3500000	5
4000000	7
4500000	5
5000000	2
5500000	5
6000000	4
6500000	8
7000000	9
7500000	4
8000000	5
8500000	4
9000000	22
9500000	3
10000000	4
10500000	0
11000000	2
11500000	0
12000000	1
12500000	0
13000000	1
13500000	6
14000000	2
14500000	1
15000000	4
15500000	7
16000000	2
16500000	2
17000000	2
17500000	7
18000000	0
18500000	0
19000000	0
19500000	0
20000000	2
20500000	3
21000000	1
21500000	1
22000000	2
22500000	1
23000000	1
23500000	1
24000000	0
24500000	4
25000000	6
25500000	3
26000000	2
26500000	2
27000000	1
27500000	0
28000000	0
28500000	1
29000000	0
29500000	0
30000000	0
30500000	1
31000000	1
31500000	1
32000000	0
32500000	0
33000000	0
33500000	1
34000000	0
34500000	0
35000000	0
35500000	0
36000000	4
36500000	0
37000000	2
37500000	5
38000000	1
38500000	8
39000000	9
39500000	5
40000000	6
40500000	3
41000000	3
41500000	5
42000000	3
42500000	1
43000000	0
43500000	0
44000000	2
44500000	3
45000000	0
45500000	0
46000000	2
46500000	2
47000000	3
47500000	6
48000000	7
48500000	3
49000000	0
49500000	0
50000000	0
50500000	0
51000000	0
51500000	0
52000000	0
52500000	4
53000000	1
53500000	8
54000000	4
54500000	4
55000000	1
55500000	2
56000000	6
56500000	3
57000000	7
57500000	7
58000000	1
58500000	0
59000000	0
59500000	0
60000000	0
60500000	0
61000000	0
61500000	1
62000000	1
62500000	1
63000000	0
63500000	0
64000000	0
64500000	0
65000000	1
65500000	1
66000000	1
66500000	1
67000000	1
67500000	0
68000000	4
68500000	8
69000000	6
69500000	4
70000000	5
70500000	9
71000000	12
71500000	6
72000000	1
72500000	2
73000000	1
73500000	2
74000000	5
74500000	10
75000000	4
75500000	3
76000000	4
76500000	11
77000000	9
77500000	3
78000000	2
78500000	3
79000000	1
79500000	4
80000000	3
80500000	2
81000000	3
81500000	1
82000000	3
82500000	0
83000000	4
83500000	10
84000000	7
84500000	1
85000000	1
85500000	3
86000000	1
86500000	2
87000000	2
87500000	5
88000000	6
88500000	6
89000000	6
89500000	4
90000000	2
90500000	3
91000000	1
91500000	0
92000000	0
92500000	0
93000000	2
93500000	0
94000000	0
94500000	1
95000000	4
95500000	2
96000000	1
96500000	1
97000000	0
97500000	0
98000000	2
98500000	0
99000000	2
99500000	4
100000000	11
100500000	5
101000000	3
101500000	2
102000000	3
102500000	1
103000000	2
103500000	8
104000000	2
104500000	1
105000000	2
105500000	0
106000000	5
106500000	6
107000000	2
107500000	1
108000000	0
108500000	6
109000000	2
109500000	4
110000000	3
110500000	8
111000000	1
111500000	1
112000000	0
112500000	0
113000000	6
113500000	7
114000000	3
114500000	1
115000000	0
115500000	3
116000000	0
116500000	0
117000000	1
117500000	0
118000000	2
118500000	1
119000000	4
119500000	5
120000000	8
120500000	3
121000000	0
121500000	2
122000000	2
122500000	7
123000000	3
123500000	7
124000000	1
124500000	1
125000000	1
125500000	1
126000000	2
126500000	0
127000000	0
127500000	0
128000000	0
128500000	7
129000000	2
129500000	2
130000000	1
130500000	1
131000000	0
131500000	0
132000000	0
132500000	1
133000000	0
133500000	1
134000000	2
134500000	0
135000000	1
135500000	0
136000000	0
136500000	1
137000000	0
137500000	0
138000000	1
138500000	1
139000000	3
139500000	2
140000000	5
140500000	2
141000000	6
141500000	3
142000000	2
142500000	2
143000000	0
143500000	0
144000000	7
144500000	3
145000000	1
145500000	3
146000000	5
146500000	3
147000000	4
147500000	2
148000000	1
148500000	5
149000000	0
149500000	0
150000000	1
150500000	1
151000000	1
151500000	1
152000000	5
152500000	1
153000000	6
153500000	4
154000000	4
154500000	3
155000000	3
155500000	4
156000000	3
156500000	5
157000000	0
157500000	2
158000000	2
158500000	0
159000000	3
159500000	5
160000000	3
160500000	0
161000000	0
161500000	0
162000000	1
162500000	1
163000000	0
163500000	0
164000000	6
164500000	0
165000000	2
165500000	6
166000000	5
166500000	3
167000000	0
167500000	1
168000000	0
168500000	0
169000000	3
169500000	2
170000000	2
170500000	5
171000000	1
171500000	1
172000000	1
172500000	1
173000000	0
173500000	1
174000000	6
174500000	0
175000000	5
175500000	3
176000000	0
176500000	3
177000000	3
177500000	1
178000000	2
178500000	2
179000000	0
179500000	0
180000000	0
180500000	0
181000000	0
181500000	1
182000000	0
182500000	0
183000000	3
183500000	2
184000000	8
184500000	3
185000000	4
185500000	11
186000000	9
186500000	2
187000000	7
187500000	1
188000000	2
188500000	1
189000000	3
189500000	0
190000000	0
190500000	5
191000000	0
