0	12
500000	8
1000000	12
1500000	9
2000000	1
2500000	2
3000000	3
3500000	1
4000000	0
4500000	1
5000000	4
5500000	0
6000000	3
6500000	6
7000000	2
7500000	3
8000000	3
8500000	1
9000000	2
9500000	5
10000000	8
10500000	3
11000000	0
11500000	0
12000000	0
12500000	1
13000000	0
13500000	1
14000000	1
14500000	7
15000000	1
15500000	3
16000000	4
16500000	2
17000000	3
17500000	0
18000000	0
18500000	0
19000000	1
19500000	0
20000000	0
20500000	0
21000000	1
21500000	1
22000000	1
22500000	0
23000000	0
23500000	2
24000000	1
24500000	1
25000000	0
25500000	0
26000000	0
26500000	1
27000000	1
27500000	0
28000000	0
28500000	1
29000000	3
29500000	0
30000000	0
30500000	0
31000000	2
31500000	3
32000000	4
32500000	3
33000000	1
33500000	5
34000000	1
34500000	6
35000000	1
35500000	5
36000000	6
36500000	3
37000000	3
37500000	2
38000000	4
38500000	6
39000000	3
39500000	1
40000000	1
40500000	9
41000000	2
41500000	4
42000000	1
42500000	4
43000000	11
43500000	3
44000000	3
44500000	2
45000000	1
45500000	0
46000000	0
46500000	0
47000000	0
47500000	0
48000000	0
48500000	0
49000000	0
49500000	2
50000000	1
50500000	2
51000000	0
51500000	0
52000000	5
52500000	2
53000000	2
53500000	4
54000000	9
54500000	8
55000000	5
55500000	2
56000000	4
56500000	3
57000000	2
57500000	4
58000000	1
58500000	0
59000000	0
59500000	2
60000000	5
60500000	3
61000000	1
61500000	5
62000000	0
62500000	0
63000000	2
63500000	2
64000000	3
64500000	5
65000000	4
65500000	1
66000000	3
66500000	0
67000000	2
67500000	1
68000000	4
68500000	12
69000000	5
69500000	4
70000000	3
70500000	3
71000000	3
71500000	5
72000000	5
72500000	5
73000000	1
73500000	5
74000000	6
74500000	5
75000000	1
75500000	2
76000000	9
76500000	4
77000000	2
77500000	3
78000000	4
78500000	4
79000000	5
79500000	10
80000000	2
80500000	7
81000000	1
81500000	2
82000000	5
82500000	2
83000000	1
83500000	0
84000000	0
84500000	0
85000000	0
85500000	3
86000000	3
86500000	4
87000000	1
87500000	4
88000000	2
88500000	0
89000000	2
89500000	6
90000000	0
90500000	3
91000000	0
91500000	0
92000000	0
92500000	5
93000000	1
93500000	2
94000000	1
94500000	6
95000000	6
95500000	2
96000000	5
96500000	1
97000000	0
97500000	0
98000000	4
98500000	1
99000000	0
99500000	2
100000000	2
100500000	0
101000000	0
101500000	4
102000000	3
102500000	3
103000000	0
103500000	0
104000000	1
104500000	0
105000000	0
105500000	0
106000000	1
106500000	1
107000000	1
107500000	0
108000000	2
108500000	1
109000000	2
109500000	1
110000000	3
110500000	3
111000000	5
111500000	4
112000000	5
112500000	2
113000000	0
113500000	2
114000000	1
114500000	8
115000000	6
115500000	3
116000000	1
116500000	1
117000000	1
117500000	3
118000000	3
118500000	3
119000000	0
119500000	1
120000000	0
120500000	1
121000000	5
121500000	3
122000000	4
122500000	2
123000000	1
123500000	1
124000000	1
124500000	1
125000000	0
125500000	6
126000000	3
126500000	3
127000000	2
127500000	1
128000000	3
128500000	3
129000000	2
129500000	0
130000000	1
130500000	4
131000000	4
131500000	14
132000000	12
132500000	2
133000000	5
133500000	10
134000000	10
134500000	7
135000000	8
135500000	3
136000000	1
136500000	2
137000000	8
137500000	11
138000000	3
138500000	12
139000000	6
139500000	13
140000000	32
140500000	43
141000000	11
141500000	4
142000000	3
142500000	2
143000000	2
143500000	2
144000000	0
144500000	0
145000000	5
145500000	5
146000000	1
146500000	4
147000000	4
147500000	8
148000000	3
148500000	11
149000000	9
149500000	9
150000000	11
150500000	7
151000000	7
151500000	2
152000000	0
152500000	1
153000000	2
153500000	6
154000000	8
154500000	0
155000000	0
155500000	1
156000000	3
156500000	8
157000000	5
157500000	1
158000000	1
158500000	6
159000000	3
159500000	11
160000000	1
160500000	1
161000000	4
161500000	0
162000000	0
162500000	5
163000000	0
163500000	2
164000000	0
164500000	0
165000000	0
165500000	0
166000000	1
166500000	1
167000000	0
167500000	7
168000000	4
168500000	1
169000000	4
169500000	8
170000000	2
170500000	4
171000000	3
171500000	4
172000000	9
172500000	4
173000000	7
173500000	1
174000000	3
174500000	2
175000000	5
175500000	12
176000000	10
176500000	18
177000000	7
177500000	7
178000000	9
178500000	2
179000000	14
179500000	4
180000000	11
180500000	12
