0	5
500000	3
1000000	3
1500000	3
2000000	1
2500000	10
3000000	10
3500000	2
4000000	6
4500000	3
5000000	6
5500000	2
6000000	3
6500000	1
7000000	4
7500000	6
8000000	6
8500000	1
9000000	0
9500000	0
10000000	5
10500000	10
11000000	4
11500000	3
12000000	2
12500000	1
13000000	3
13500000	5
14000000	2
14500000	0
15000000	2
15500000	1
16000000	4
16500000	0
17000000	3
17500000	4
18000000	5
18500000	1
19000000	1
19500000	1
20000000	2
20500000	1
21000000	1
21500000	2
22000000	2
22500000	1
23000000	0
23500000	0
24000000	6
24500000	7
25000000	3
25500000	9
26000000	40
26500000	8
27000000	12
27500000	20
28000000	18
28500000	6
29000000	14
29500000	19
30000000	17
30500000	25
31000000	19
31500000	62
32000000	21
32500000	18
33000000	27
33500000	13
34000000	7
34500000	6
35000000	10
35500000	11
36000000	8
36500000	11
37000000	7
37500000	3
38000000	1
38500000	3
39000000	6
39500000	3
40000000	3
40500000	2
41000000	15
41500000	12
42000000	6
42500000	15
43000000	19
43500000	9
44000000	15
44500000	1
45000000	2
45500000	1
46000000	5
46500000	9
47000000	2
47500000	4
48000000	0
48500000	0
49000000	3
49500000	12
50000000	1
50500000	2
51000000	2
51500000	0
52000000	10
52500000	11
53000000	6
53500000	5
54000000	1
54500000	1
55000000	3
55500000	2
56000000	1
56500000	5
57000000	5
57500000	0
58000000	3
58500000	0
59000000	0
59500000	0
60000000	0
60500000	0
61000000	0
61500000	0
62000000	2
62500000	0
63000000	0
63500000	1
64000000	3
64500000	0
65000000	0
65500000	0
66000000	2
66500000	0
67000000	0
67500000	0
68000000	0
68500000	2
69000000	2
69500000	0
70000000	1
70500000	2
71000000	4
71500000	2
72000000	4
72500000	1
73000000	2
73500000	4
74000000	10
74500000	1
75000000	0
75500000	4
76000000	5
76500000	1
77000000	0
77500000	0
78000000	2
78500000	0
79000000	0
79500000	4
80000000	4
80500000	4
81000000	0
81500000	0
82000000	1
82500000	2
83000000	1
83500000	5
84000000	2
84500000	4
85000000	3
85500000	0
86000000	6
86500000	0
87000000	0
87500000	4
88000000	9
88500000	2
89000000	2
89500000	5
90000000	6
90500000	3
91000000	2
91500000	0
92000000	2
92500000	0
93000000	0
93500000	1
94000000	1
94500000	0
95000000	0
95500000	0
96000000	3
96500000	1
97000000	4
97500000	3
98000000	1
98500000	0
99000000	2
99500000	7
100000000	3
100500000	1
101000000	1
101500000	1
102000000	0
102500000	0
103000000	0
103500000	0
104000000	0
104500000	0
105000000	3
105500000	4
106000000	0
106500000	3
107000000	7
107500000	1
108000000	4
108500000	3
109000000	5
109500000	8
110000000	3
110500000	5
111000000	5
111500000	5
112000000	3
112500000	3
113000000	0
113500000	1
114000000	6
114500000	0
115000000	0
115500000	0
116000000	4
116500000	10
117000000	4
117500000	6
118000000	1
118500000	3
119000000	6
119500000	1
120000000	1
120500000	0
121000000	1
121500000	1
122000000	0
122500000	3
123000000	3
123500000	2
124000000	1
124500000	0
125000000	3
125500000	2
126000000	6
126500000	2
127000000	1
127500000	5
128000000	3
128500000	0
129000000	1
129500000	1
130000000	3
130500000	1
131000000	2
131500000	4
132000000	7
132500000	9
133000000	9
133500000	2
134000000	6
134500000	3
135000000	3
135500000	3
136000000	1
136500000	5
137000000	5
137500000	3
138000000	5
138500000	4
139000000	7
139500000	3
140000000	3
140500000	1
141000000	1
141500000	0
142000000	2
142500000	2
143000000	3
143500000	5
144000000	6
144500000	2
145000000	0
145500000	1
146000000	4
146500000	3
147000000	3
147500000	2
148000000	0
148500000	1
149000000	2
149500000	8
150000000	12
150500000	2
151000000	1
151500000	6
152000000	2
152500000	1
153000000	5
153500000	0
154000000	2
154500000	1
155000000	2
155500000	4
156000000	1
156500000	0
157000000	2
157500000	3
158000000	3
158500000	4
159000000	10
159500000	3
160000000	12
160500000	6
161000000	2
161500000	3
162000000	0
162500000	0
163000000	2
163500000	5
164000000	0
164500000	0
165000000	1
165500000	2
166000000	2
166500000	9
167000000	4
167500000	6
168000000	9
168500000	3
169000000	0
169500000	4
170000000	7
170500000	9
171000000	0
