0	4
500000	9
1000000	10
1500000	10
2000000	7
2500000	9
3000000	1
3500000	0
4000000	1
4500000	6
5000000	8
5500000	13
6000000	9
6500000	9
7000000	5
7500000	5
8000000	4
8500000	0
9000000	0
9500000	1
10000000	0
10500000	1
11000000	2
11500000	0
12000000	2
12500000	2
13000000	0
13500000	1
14000000	1
14500000	0
15000000	1
15500000	2
16000000	2
16500000	7
17000000	2
17500000	2
18000000	3
18500000	0
19000000	2
19500000	4
20000000	5
20500000	4
21000000	1
21500000	3
22000000	2
22500000	7
23000000	6
23500000	6
24000000	1
24500000	3
25000000	3
25500000	1
26000000	5
26500000	3
27000000	21
27500000	4
28000000	2
28500000	1
29000000	5
29500000	7
30000000	9
30500000	8
31000000	3
31500000	3
32000000	1
32500000	11
33000000	3
33500000	1
34000000	1
34500000	2
35000000	3
35500000	4
36000000	4
36500000	4
37000000	1
37500000	4
38000000	4
38500000	2
39000000	2
39500000	4
40000000	2
40500000	0
41000000	2
41500000	2
42000000	1
42500000	4
43000000	2
43500000	9
44000000	16
44500000	9
45000000	10
45500000	4
46000000	0
46500000	0
47000000	1
47500000	5
48000000	5
48500000	1
49000000	0
49500000	2
50000000	2
50500000	4
51000000	1
51500000	0
52000000	0
52500000	0
53000000	1
53500000	1
54000000	2
54500000	4
55000000	4
55500000	4
56000000	10
56500000	5
57000000	5
57500000	1
58000000	0
58500000	0
59000000	0
59500000	0
60000000	0
60500000	0
61000000	0
61500000	0
62000000	0
62500000	3
63000000	1
63500000	6
64000000	9
64500000	1
65000000	6
65500000	4
66000000	8
66500000	5
67000000	1
67500000	0
68000000	0
68500000	0
69000000	2
69500000	0
70000000	0
70500000	3
71000000	1
71500000	0
72000000	12
72500000	10
73000000	14
73500000	6
74000000	7
74500000	3
75000000	9
75500000	10
76000000	7
76500000	5
77000000	6
77500000	2
78000000	0
78500000	1
79000000	2
79500000	1
80000000	4
80500000	0
81000000	2
81500000	2
82000000	1
82500000	1
83000000	0
83500000	1
84000000	1
84500000	1
85000000	0
85500000	0
86000000	1
86500000	5
87000000	4
87500000	5
88000000	2
88500000	0
89000000	0
89500000	7
90000000	3
90500000	1
91000000	0
91500000	7
92000000	8
92500000	4
93000000	4
93500000	4
94000000	4
94500000	3
95000000	4
95500000	2
96000000	3
96500000	4
97000000	2
97500000	9
98000000	5
98500000	7
99000000	19
99500000	32
100000000	27
100500000	17
101000000	4
101500000	3
102000000	19
102500000	8
103000000	3
103500000	2
104000000	1
104500000	5
105000000	4
105500000	3
106000000	1
106500000	4
107000000	7
107500000	4
108000000	3
108500000	1
109000000	0
109500000	1
110000000	1
110500000	1
111000000	2
111500000	1
112000000	6
112500000	3
113000000	0
113500000	1
114000000	2
114500000	3
115000000	0
115500000	3
116000000	4
116500000	8
117000000	3
117500000	2
118000000	0
118500000	0
119000000	1
119500000	1
120000000	1
120500000	4
121000000	0
121500000	5
122000000	2
122500000	2
123000000	8
123500000	3
124000000	3
124500000	3
125000000	0
125500000	0
126000000	1
126500000	2
127000000	7
127500000	8
128000000	10
128500000	10
129000000	7
129500000	7
130000000	8
130500000	6
131000000	1
131500000	1
132000000	3
132500000	2
133000000	1
133500000	2
134000000	5
134500000	6
135000000	5
135500000	2
136000000	0
136500000	4
137000000	1
137500000	4
138000000	4
138500000	5
139000000	7
139500000	4
140000000	8
140500000	2
141000000	8
141500000	9
142000000	3
142500000	14
143000000	12
143500000	21
144000000	3
144500000	0
145000000	0
145500000	1
146000000	0
146500000	2
147000000	1
147500000	1
148000000	2
148500000	10
149000000	6
149500000	4
150000000	17
150500000	18
151000000	7
151500000	4
152000000	4
152500000	0
153000000	1
153500000	1
154000000	0
154500000	5
155000000	6
155500000	2
156000000	6
156500000	4
157000000	4
157500000	1
158000000	4
158500000	4
159000000	0
