0	6
500000	2
1000000	2
1500000	8
2000000	1
2500000	2
3000000	0
3500000	0
4000000	0
4500000	0
5000000	0
5500000	0
6000000	5
6500000	18
7000000	21
7500000	8
8000000	2
8500000	5
9000000	3
9500000	4
10000000	3
10500000	8
11000000	7
11500000	16
12000000	9
12500000	6
13000000	2
13500000	1
14000000	0
14500000	1
15000000	1
15500000	1
16000000	0
16500000	2
17000000	6
17500000	6
18000000	3
18500000	0
19000000	3
19500000	2
20000000	4
20500000	2
21000000	1
21500000	10
22000000	15
22500000	9
23000000	8
23500000	3
24000000	5
24500000	3
25000000	5
25500000	1
26000000	4
26500000	1
27000000	9
27500000	9
28000000	5
28500000	5
29000000	1
29500000	9
30000000	5
30500000	6
31000000	0
31500000	1
32000000	2
32500000	0
33000000	5
33500000	0
34000000	0
34500000	1
35000000	1
35500000	1
36000000	0
36500000	1
37000000	1
37500000	13
38000000	9
38500000	6
39000000	4
39500000	3
40000000	2
40500000	0
41000000	5
41500000	5
42000000	9
42500000	9
43000000	1
43500000	0
44000000	0
44500000	0
45000000	0
45500000	0
46000000	0
46500000	0
47000000	0
47500000	1
48000000	2
48500000	4
49000000	1
49500000	4
50000000	0
50500000	1
51000000	0
51500000	0
52000000	1
52500000	1
53000000	2
53500000	2
54000000	1
54500000	4
55000000	2
55500000	1
56000000	2
56500000	5
57000000	8
57500000	1
58000000	4
58500000	2
59000000	5
59500000	1
60000000	0
60500000	0
61000000	3
61500000	2
62000000	1
62500000	2
63000000	1
63500000	3
64000000	3
64500000	2
65000000	4
65500000	1
66000000	2
66500000	4
67000000	8
67500000	12
68000000	2
68500000	1
69000000	2
69500000	1
70000000	2
70500000	2
71000000	3
71500000	3
72000000	1
72500000	3
73000000	2
73500000	3
74000000	6
74500000	4
75000000	4
75500000	4
76000000	2
76500000	0
77000000	1
77500000	4
78000000	1
78500000	0
79000000	2
79500000	3
80000000	0
80500000	6
81000000	2
81500000	2
82000000	5
82500000	5
83000000	0
83500000	0
84000000	1
84500000	0
85000000	1
85500000	0
86000000	8
86500000	1
87000000	5
87500000	3
88000000	0
88500000	1
89000000	1
89500000	0
90000000	0
90500000	4
91000000	3
91500000	4
92000000	6
92500000	1
93000000	0
93500000	3
94000000	3
94500000	6
95000000	4
95500000	7
96000000	8
96500000	1
97000000	5
97500000	3
98000000	1
98500000	3
99000000	8
99500000	1
100000000	1
100500000	4
101000000	6
101500000	5
102000000	3
102500000	3
103000000	4
103500000	4
104000000	9
104500000	1
105000000	2
105500000	1
106000000	1
106500000	1
107000000	1
107500000	1
108000000	1
108500000	1
109000000	2
109500000	1
110000000	4
110500000	3
111000000	0
111500000	1
112000000	1
112500000	0
113000000	1
113500000	1
114000000	0
114500000	0
115000000	0
115500000	0
116000000	1
116500000	1
117000000	0
117500000	7
118000000	0
118500000	2
119000000	1
119500000	2
120000000	3
120500000	4
121000000	3
121500000	2
122000000	0
122500000	2
123000000	1
123500000	2
124000000	10
124500000	6
125000000	6
125500000	8
126000000	4
126500000	1
127000000	1
127500000	1
128000000	9
128500000	6
129000000	4
129500000	0
130000000	3
130500000	2
131000000	4
131500000	1
132000000	0
132500000	1
133000000	3
133500000	5
134000000	5
134500000	2
135000000	1
135500000	5
136000000	2
136500000	0
137000000	0
137500000	0
138000000	1
138500000	0
139000000	1
139500000	1
140000000	0
140500000	2
141000000	0
141500000	3
142000000	6
142500000	1
143000000	3
143500000	14
144000000	14
144500000	24
145000000	18
145500000	29
146000000	11
