0	7
500000	3
1000000	2
1500000	0
2000000	1
2500000	4
3000000	2
3500000	3
4000000	1
4500000	8
5000000	6
5500000	5
6000000	5
6500000	2
7000000	0
7500000	1
8000000	1
8500000	1
9000000	0
9500000	0
10000000	0
10500000	1
11000000	0
11500000	0
12000000	0
12500000	4
13000000	2
13500000	1
14000000	1
14500000	4
15000000	3
15500000	1
16000000	2
16500000	0
17000000	1
17500000	1
18000000	1
18500000	2
19000000	7
19500000	1
20000000	2
20500000	4
21000000	20
21500000	5
22000000	2
22500000	1
23000000	0
23500000	2
24000000	0
24500000	1
25000000	0
25500000	2
26000000	1
26500000	5
27000000	4
27500000	3
28000000	0
28500000	2
29000000	0
29500000	0
30000000	1
30500000	0
31000000	0
31500000	0
32000000	2
32500000	6
33000000	12
33500000	11
34000000	8
34500000	18
35000000	9
35500000	27
36000000	6
36500000	5
37000000	5
37500000	8
38000000	2
38500000	3
39000000	4
39500000	0
40000000	0
40500000	3
41000000	2
41500000	3
42000000	6
42500000	4
43000000	1
43500000	4
44000000	3
44500000	1
45000000	1
45500000	0
46000000	1
46500000	2
47000000	0
47500000	0
48000000	0
48500000	0
49000000	0
49500000	0
50000000	0
50500000	0
51000000	0
51500000	0
52000000	0
52500000	0
53000000	0
53500000	0
54000000	0
54500000	0
55000000	0
55500000	0
56000000	0
56500000	0
57000000	0
57500000	0
58000000	0
58500000	0
59000000	0
59500000	0
60000000	0
60500000	0
61000000	0
61500000	0
62000000	0
62500000	0
63000000	0
63500000	0
64000000	0
64500000	0
65000000	1
65500000	0
66000000	2
66500000	2
67000000	1
67500000	3
68000000	3
68500000	1
69000000	7
69500000	1
70000000	1
70500000	4
71000000	4
71500000	6
72000000	4
72500000	5
73000000	2
73500000	0
74000000	2
74500000	5
75000000	2
75500000	2
76000000	1
76500000	1
77000000	3
77500000	5
78000000	0
78500000	1
79000000	5
79500000	3
80000000	3
80500000	2
81000000	0
81500000	1
82000000	2
82500000	0
83000000	0
83500000	0
84000000	2
84500000	4
85000000	0
85500000	2
86000000	4
86500000	6
87000000	1
87500000	0
88000000	2
88500000	6
89000000	0
89500000	5
90000000	6
90500000	3
91000000	4
91500000	7
92000000	2
92500000	3
93000000	3
93500000	3
94000000	4
94500000	4
95000000	12
95500000	9
96000000	4
96500000	7
97000000	7
97500000	8
98000000	2
98500000	6
99000000	6
99500000	8
100000000	10
100500000	9
101000000	2
101500000	5
102000000	2
102500000	5
103000000	5
103500000	1
104000000	9
104500000	0
105000000	1
105500000	2
106000000	0
106500000	3
107000000	8
107500000	3
108000000	5
108500000	0
109000000	2
109500000	3
110000000	3
110500000	0
111000000	0
111500000	8
112000000	3
112500000	4
113000000	4
113500000	1
114000000	10
114500000	5
115000000	3
115500000	9
116000000	10
116500000	5
117000000	7
117500000	5
118000000	0
118500000	3
119000000	4
119500000	1
120000000	2
120500000	0
121000000	0
121500000	1
122000000	0
122500000	1
123000000	3
123500000	9
124000000	5
124500000	5
125000000	14
125500000	13
126000000	4
126500000	1
127000000	8
127500000	9
128000000	2
128500000	2
129000000	4
129500000	4
130000000	13
130500000	22
131000000	20
131500000	14
132000000	9
132500000	9
133000000	4
133500000	8
134000000	9
134500000	1
135000000	6
135500000	11
136000000	21
136500000	6
137000000	4
137500000	12
138000000	11
138500000	7
139000000	17
139500000	40
140000000	30
140500000	9
141000000	2
