0	4
500000	1
1000000	4
1500000	7
2000000	2
2500000	11
3000000	2
3500000	3
4000000	0
4500000	1
5000000	0
5500000	1
6000000	2
6500000	1
7000000	2
7500000	2
8000000	4
8500000	2
9000000	1
9500000	4
10000000	2
10500000	0
11000000	3
11500000	1
12000000	1
12500000	5
13000000	4
13500000	7
14000000	2
14500000	3
15000000	6
15500000	9
16000000	2
16500000	7
17000000	2
17500000	4
18000000	3
18500000	5
19000000	3
19500000	2
20000000	7
20500000	0
21000000	1
21500000	5
22000000	4
22500000	0
23000000	2
23500000	5
24000000	7
24500000	4
25000000	1
25500000	0
26000000	3
26500000	1
27000000	1
27500000	3
28000000	0
28500000	2
29000000	0
29500000	1
30000000	5
30500000	3
31000000	2
31500000	0
32000000	0
32500000	1
33000000	0
33500000	0
34000000	1
34500000	2
35000000	0
35500000	2
36000000	1
36500000	0
37000000	4
37500000	5
38000000	4
38500000	2
39000000	2
39500000	2
40000000	4
40500000	4
41000000	3
41500000	2
42000000	0
42500000	1
43000000	1
43500000	3
44000000	2
44500000	2
45000000	2
45500000	4
46000000	6
46500000	4
47000000	16
47500000	10
48000000	13
48500000	19
49000000	32
49500000	13
50000000	3
50500000	2
51000000	7
51500000	5
52000000	4
52500000	9
53000000	11
53500000	4
54000000	4
54500000	6
55000000	13
55500000	3
56000000	1
56500000	3
57000000	4
57500000	2
58000000	0
58500000	0
59000000	0
59500000	0
60000000	0
60500000	0
61000000	0
61500000	0
62000000	0
62500000	4
63000000	4
63500000	0
64000000	1
64500000	4
65000000	3
65500000	1
66000000	0
66500000	1
67000000	1
67500000	2
68000000	3
68500000	2
69000000	8
69500000	7
70000000	10
70500000	11
71000000	7
71500000	4
72000000	11
72500000	3
73000000	7
73500000	6
74000000	2
74500000	2
75000000	2
75500000	2
76000000	2
76500000	2
77000000	6
77500000	2
78000000	4
78500000	1
79000000	2
79500000	2
80000000	2
80500000	0
81000000	0
81500000	0
82000000	0
82500000	1
83000000	2
83500000	1
84000000	5
84500000	1
85000000	3
85500000	1
86000000	0
86500000	1
87000000	0
87500000	0
88000000	1
88500000	0
89000000	1
89500000	0
90000000	0
90500000	2
91000000	1
91500000	0
92000000	0
92500000	2
93000000	0
93500000	0
94000000	0
94500000	0
95000000	0
95500000	2
96000000	1
96500000	1
97000000	0
97500000	0
98000000	0
98500000	1
99000000	0
99500000	5
100000000	8
100500000	12
101000000	6
101500000	9
102000000	5
102500000	15
103000000	12
103500000	1
104000000	1
104500000	0
105000000	3
105500000	2
106000000	7
106500000	4
107000000	7
107500000	3
108000000	1
108500000	4
109000000	5
109500000	3
110000000	2
110500000	3
111000000	3
111500000	1
112000000	3
112500000	1
113000000	0
113500000	7
114000000	4
114500000	3
115000000	2
115500000	2
116000000	0
116500000	0
117000000	2
117500000	5
118000000	4
118500000	12
119000000	14
119500000	4
120000000	14
120500000	1
121000000	0
121500000	0
122000000	1
122500000	2
123000000	3
123500000	1
124000000	1
124500000	0
125000000	2
125500000	2
126000000	0
126500000	0
127000000	1
127500000	0
128000000	0
128500000	6
129000000	7
129500000	3
130000000	3
130500000	2
131000000	4
131500000	3
132000000	3
132500000	1
133000000	7
133500000	13
134000000	11
134500000	15
135000000	5
135500000	9
136000000	1
136500000	1
137000000	0
137500000	4
138000000	0
138500000	4
139000000	3
139500000	3
140000000	3
140500000	7
141000000	1
141500000	0
142000000	1
142500000	4
143000000	0
143500000	0
144000000	1
144500000	2
145000000	7
145500000	2
146000000	15
146500000	2
147000000	1
147500000	1
148000000	0
148500000	10
149000000	5
149500000	4
150000000	3
150500000	5
151000000	8
151500000	14
152000000	5
152500000	13
153000000	23
153500000	28
154000000	19
154500000	5
155000000	3
