0	0
500000	0
1000000	0
1500000	0
2000000	0
2500000	4
3000000	1
3500000	0
4000000	0
4500000	1
5000000	0
5500000	0
6000000	14
6500000	2
7000000	1
7500000	2
8000000	0
8500000	3
9000000	10
9500000	1
10000000	0
10500000	0
11000000	0
11500000	0
12000000	0
12500000	0
13000000	0
13500000	0
14000000	0
14500000	3
15000000	2
15500000	1
16000000	2
16500000	2
17000000	0
17500000	0
18000000	0
18500000	0
19000000	0
19500000	8
20000000	0
20500000	4
21000000	2
21500000	3
22000000	0
22500000	3
23000000	0
23500000	7
24000000	10
24500000	3
25000000	10
25500000	0
26000000	7
26500000	0
27000000	0
27500000	0
28000000	0
28500000	0
29000000	0
29500000	0
30000000	0
30500000	0
31000000	0
31500000	0
32000000	0
32500000	0
33000000	0
33500000	0
34000000	0
34500000	0
35000000	0
35500000	0
36000000	0
36500000	0
37000000	0
37500000	0
38000000	0
38500000	0
39000000	0
39500000	0
40000000	0
40500000	0
41000000	0
41500000	0
42000000	0
42500000	0
43000000	0
43500000	0
44000000	0
44500000	0
45000000	0
45500000	0
46000000	0
46500000	0
47000000	0
47500000	0
48000000	0
48500000	0
49000000	0
49500000	0
50000000	0
50500000	0
51000000	0
51500000	0
52000000	0
52500000	0
53000000	0
53500000	0
54000000	0
54500000	0
55000000	0
55500000	0
56000000	0
56500000	0
57000000	0
57500000	0
58000000	0
58500000	0
59000000	0
