0	43.31
500000	47.47
1000000	47.33
1500000	44.64
2000000	39.69
2500000	40.94
3000000	45.99
3500000	42.76
4000000	39.46
4500000	38.50
5000000	40.11
5500000	46.59
6000000	45.68
6500000	41.55
7000000	42.73
7500000	42.29
8000000	42.56
8500000	37.53
9000000	36.39
9500000	36.06
10000000	37.54
10500000	40.31
11000000	43.80
11500000	43.82
12000000	44.52
12500000	45.33
13000000	44.51
13500000	43.97
14000000	42.78
14500000	42.63
15000000	44.23
15500000	39.25
16000000	39.29
16500000	40.73
17000000	39.88
17500000	40.18
18000000	39.89
18500000	40.42
19000000	37.23
19500000	35.82
20000000	37.30
20500000	38.41
21000000	39.28
21500000	42.64
22000000	38.79
22500000	40.73
23000000	40.67
23500000	40.48
24000000	39.28
24500000	41.51
25000000	41.07
25500000	37.51
26000000	38.50
26500000	41.42
27000000	39.99
27500000	39.63
28000000	38.37
28500000	41.49
29000000	42.27
29500000	42.98
30000000	43.98
30500000	42.96
31000000	42.16
31500000	38.70
32000000	41.35
32500000	38.75
33000000	39.89
33500000	40.87
34000000	41.89
34500000	39.19
35000000	42.84
35500000	43.52
36000000	39.71
36500000	38.26
37000000	38.22
37500000	39.73
38000000	40.75
38500000	39.82
39000000	39.48
39500000	0.00
40000000	0.00
40500000	0.00
41000000	0.00
41500000	0.00
42000000	37.50
42500000	39.36
43000000	43.68
43500000	49.20
44000000	43.57
44500000	43.54
45000000	43.32
45500000	41.37
46000000	40.85
46500000	41.87
47000000	42.83
47500000	45.11
48000000	44.94
48500000	43.07
49000000	41.17
49500000	44.09
50000000	45.12
50500000	45.40
51000000	39.95
51500000	41.36
52000000	40.29
52500000	36.93
53000000	36.71
53500000	36.40
54000000	36.66
54500000	37.39
55000000	35.64
55500000	35.57
56000000	34.34
56500000	34.56
57000000	34.24
57500000	34.53
58000000	35.09
58500000	35.11
59000000	35.09
59500000	37.50
60000000	38.27
60500000	38.01
61000000	39.09
61500000	39.47
62000000	37.62
62500000	38.56
63000000	36.58
63500000	39.39
64000000	39.53
64500000	40.94
65000000	38.98
65500000	39.70
66000000	36.11
66500000	35.00
67000000	35.16
67500000	35.73
68000000	35.94
68500000	35.95
69000000	37.28
69500000	40.25
70000000	42.77
70500000	43.23
71000000	48.04
71500000	46.75
72000000	49.27
72500000	48.13
73000000	52.07
73500000	47.85
74000000	43.29
74500000	39.49
75000000	41.97
75500000	44.93
76000000	37.14
76500000	43.71
77000000	43.78
77500000	42.20
78000000	38.61
78500000	40.93
79000000	45.56
79500000	47.18
80000000	46.51
80500000	51.33
81000000	47.02
81500000	43.16
82000000	45.41
82500000	37.52
83000000	35.78
83500000	37.49
84000000	37.57
84500000	37.31
85000000	36.56
85500000	42.08
86000000	40.95
86500000	39.18
87000000	39.33
87500000	44.50
88000000	47.28
88500000	42.83
89000000	39.92
89500000	38.53
90000000	36.89
90500000	38.24
91000000	40.08
91500000	38.19
92000000	37.31
92500000	40.51
93000000	39.69
93500000	39.40
94000000	42.26
94500000	40.89
95000000	42.87
95500000	41.31
96000000	39.57
96500000	38.56
97000000	43.61
97500000	39.47
98000000	43.37
98500000	44.95
99000000	47.81
99500000	45.72
100000000	43.21
100500000	37.74
101000000	42.59
101500000	42.77
102000000	46.20
102500000	49.52
103000000	44.01
103500000	46.14
104000000	48.21
104500000	43.46
105000000	49.18
105500000	42.98
106000000	42.95
106500000	40.66
107000000	38.29
107500000	37.15
108000000	38.39
108500000	39.76
109000000	37.08
109500000	36.98
110000000	37.28
110500000	37.85
111000000	39.26
111500000	41.64
112000000	43.36
112500000	40.98
113000000	39.79
113500000	40.95
114000000	40.25
114500000	44.25
115000000	44.06
115500000	40.47
116000000	44.28
116500000	38.81
117000000	34.64
117500000	40.96
118000000	41.40
118500000	43.19
119000000	44.47
119500000	40.12
120000000	41.26
120500000	45.68
121000000	48.41
121500000	41.35
122000000	41.44
122500000	42.25
123000000	44.52
123500000	44.30
124000000	45.49
124500000	42.40
125000000	45.67
125500000	47.62
126000000	50.27
126500000	46.24
127000000	42.48
127500000	42.74
128000000	42.72
128500000	44.77
129000000	43.01
129500000	45.17
130000000	44.68
130500000	44.20
131000000	43.79
131500000	47.40
132000000	45.87
132500000	48.26
133000000	47.49
133500000	50.76
134000000	54.97
134500000	56.97
135000000	52.48
135500000	41.97
