0	51.18
500000	50.42
1000000	51.94
1500000	51.95
2000000	46.69
2500000	49.14
3000000	42.83
3500000	51.05
4000000	48.37
4500000	50.77
5000000	45.04
5500000	45.93
6000000	47.71
6500000	45.15
7000000	52.51
7500000	49.81
8000000	47.74
8500000	46.03
9000000	45.83
9500000	46.04
10000000	42.89
10500000	43.85
11000000	43.12
11500000	41.83
12000000	39.65
12500000	42.76
13000000	39.54
13500000	40.37
14000000	41.24
14500000	39.92
15000000	42.85
15500000	44.04
16000000	44.90
16500000	45.91
17000000	50.91
17500000	51.27
18000000	50.05
18500000	46.71
19000000	49.24
19500000	44.06
20000000	44.20
20500000	43.34
21000000	48.94
21500000	41.78
22000000	38.36
22500000	0.00
23000000	0.00
23500000	0.00
24000000	0.00
24500000	0.00
25000000	39.37
25500000	47.10
26000000	42.94
26500000	47.92
27000000	50.42
27500000	44.82
28000000	39.68
28500000	43.00
29000000	43.84
29500000	44.31
30000000	44.63
30500000	43.91
31000000	42.89
31500000	44.76
32000000	43.60
32500000	45.92
33000000	45.81
33500000	41.23
34000000	44.85
34500000	47.40
35000000	46.90
35500000	41.46
36000000	45.23
36500000	51.85
37000000	48.01
37500000	47.74
38000000	48.66
38500000	44.74
39000000	40.72
39500000	50.51
40000000	49.80
40500000	48.41
41000000	46.87
41500000	48.49
42000000	51.76
42500000	46.79
43000000	51.31
43500000	48.64
44000000	43.81
44500000	43.70
45000000	42.93
45500000	46.33
46000000	43.39
46500000	47.43
47000000	46.52
47500000	48.30
48000000	51.14
48500000	50.07
49000000	42.72
49500000	41.52
50000000	37.70
50500000	36.75
51000000	35.25
51500000	36.13
52000000	36.86
52500000	37.77
53000000	39.62
53500000	40.19
54000000	39.67
54500000	43.60
55000000	44.95
55500000	47.82
56000000	45.78
56500000	42.66
57000000	42.45
57500000	41.42
58000000	42.97
58500000	40.57
59000000	41.51
59500000	39.04
60000000	41.63
60500000	45.15
61000000	37.94
61500000	48.16
62000000	46.68
62500000	43.92
63000000	44.73
63500000	40.97
64000000	40.87
64500000	46.27
65000000	43.40
65500000	43.59
66000000	45.36
66500000	40.27
67000000	37.69
67500000	38.59
68000000	37.52
68500000	36.91
69000000	37.61
69500000	38.63
70000000	45.03
70500000	46.48
71000000	48.99
71500000	49.35
72000000	51.34
72500000	51.63
73000000	49.13
73500000	53.32
74000000	50.73
74500000	50.18
75000000	51.20
75500000	48.76
76000000	51.89
76500000	49.83
77000000	54.51
77500000	54.16
78000000	52.21
78500000	49.87
79000000	59.37
79500000	56.96
80000000	55.13
80500000	52.14
81000000	53.42
