0	54.29
500000	59.86
1000000	61.20
1500000	54.25
2000000	55.99
2500000	54.10
3000000	50.66
3500000	48.10
4000000	51.20
4500000	51.98
5000000	47.41
5500000	44.57
6000000	41.74
6500000	40.92
7000000	41.53
7500000	41.01
8000000	41.20
8500000	46.88
9000000	45.75
9500000	41.75
10000000	43.65
10500000	45.81
11000000	49.70
11500000	47.32
12000000	46.77
12500000	45.87
13000000	42.54
13500000	41.59
14000000	42.88
14500000	44.74
15000000	46.78
15500000	46.40
16000000	49.26
16500000	43.18
17000000	44.27
17500000	42.73
18000000	45.26
18500000	43.80
19000000	45.26
19500000	44.62
20000000	43.36
20500000	42.13
21000000	43.51
21500000	44.41
22000000	44.87
22500000	43.24
23000000	45.12
23500000	45.05
24000000	44.03
24500000	43.51
25000000	43.49
25500000	41.80
26000000	40.39
26500000	43.01
27000000	47.22
27500000	48.16
28000000	48.18
28500000	50.30
29000000	49.16
29500000	48.81
30000000	49.91
30500000	51.28
31000000	50.46
31500000	41.51
32000000	41.38
32500000	42.12
33000000	42.38
33500000	42.42
34000000	41.94
34500000	41.34
35000000	37.55
35500000	0.00
36000000	0.00
36500000	0.00
37000000	0.00
37500000	0.00
38000000	0.00
38500000	0.00
39000000	0.00
39500000	0.00
40000000	0.00
40500000	0.00
41000000	0.00
41500000	0.00
42000000	0.00
42500000	0.00
43000000	0.00
43500000	0.00
44000000	0.00
44500000	0.00
45000000	0.00
45500000	0.00
46000000	36.60
46500000	43.07
47000000	39.77
47500000	39.86
48000000	43.94
48500000	43.18
49000000	43.94
49500000	50.11
50000000	45.04
50500000	46.46
51000000	43.66
51500000	40.07
52000000	38.84
52500000	40.24
53000000	40.12
53500000	39.95
54000000	44.38
54500000	42.13
55000000	44.34
55500000	43.45
56000000	43.59
56500000	45.96
57000000	48.03
57500000	51.00
58000000	46.17
58500000	43.51
59000000	38.03
59500000	36.69
60000000	37.48
60500000	35.79
61000000	35.96
61500000	36.28
62000000	36.98
62500000	36.78
63000000	36.27
63500000	36.19
64000000	36.71
64500000	37.30
65000000	39.54
65500000	42.49
66000000	46.04
66500000	47.43
67000000	50.00
67500000	50.94
68000000	47.57
68500000	46.20
69000000	44.47
69500000	43.97
70000000	47.24
70500000	48.26
71000000	41.93
71500000	43.25
72000000	41.31
72500000	40.77
73000000	44.35
73500000	40.84
74000000	42.69
74500000	44.21
75000000	46.56
75500000	42.20
76000000	36.43
76500000	36.58
77000000	39.94
77500000	42.50
78000000	42.35
78500000	42.77
79000000	43.71
79500000	41.87
80000000	41.19
80500000	41.78
81000000	45.89
81500000	49.17
82000000	41.52
82500000	42.13
83000000	41.63
83500000	45.17
84000000	49.53
84500000	48.85
85000000	54.39
85500000	53.14
86000000	48.26
86500000	49.30
87000000	48.77
87500000	53.01
88000000	53.70
88500000	59.67
89000000	55.19
89500000	54.02
90000000	48.24
