0	42.11
500000	42.48
1000000	36.93
1500000	36.23
2000000	37.93
2500000	40.18
3000000	41.85
3500000	41.42
4000000	37.64
4500000	37.62
5000000	39.04
5500000	40.74
6000000	39.42
6500000	40.34
7000000	43.51
7500000	40.05
8000000	41.35
8500000	43.93
9000000	40.00
9500000	42.15
10000000	44.14
10500000	41.15
11000000	40.17
11500000	44.63
12000000	45.00
12500000	42.41
13000000	44.65
13500000	43.09
14000000	42.24
14500000	39.40
15000000	37.24
15500000	0.00
16000000	0.00
16500000	0.00
17000000	0.00
17500000	0.00
18000000	0.00
18500000	39.14
19000000	40.88
19500000	43.41
20000000	39.03
20500000	44.34
21000000	43.12
21500000	41.62
22000000	41.26
22500000	39.19
23000000	39.26
23500000	38.77
24000000	41.35
24500000	37.96
25000000	37.43
25500000	37.12
26000000	35.83
26500000	34.66
27000000	34.58
27500000	34.67
28000000	35.53
28500000	36.83
29000000	39.46
29500000	41.15
30000000	38.73
30500000	34.89
31000000	36.17
31500000	35.56
32000000	37.69
32500000	39.67
33000000	40.99
33500000	41.95
34000000	41.35
34500000	43.33
35000000	45.06
35500000	37.43
36000000	37.27
36500000	36.32
37000000	37.33
37500000	36.13
38000000	35.43
38500000	35.76
39000000	38.07
39500000	37.53
40000000	36.63
40500000	36.10
41000000	36.07
41500000	36.22
42000000	40.33
42500000	40.63
43000000	43.62
43500000	44.44
44000000	44.22
44500000	42.83
45000000	42.49
45500000	46.71
46000000	49.07
46500000	40.41
47000000	44.91
47500000	43.19
48000000	43.12
48500000	41.45
49000000	39.70
49500000	37.83
50000000	37.42
50500000	36.14
51000000	37.29
51500000	38.67
52000000	37.54
52500000	38.79
53000000	37.97
53500000	39.10
54000000	38.25
54500000	40.95
55000000	43.14
55500000	42.93
56000000	43.82
56500000	43.31
57000000	42.35
57500000	38.73
58000000	35.47
58500000	36.95
59000000	40.15
59500000	38.20
60000000	42.35
60500000	42.12
61000000	39.39
61500000	38.64
62000000	36.41
62500000	34.66
63000000	34.60
63500000	34.92
64000000	34.15
64500000	34.37
65000000	35.77
65500000	34.38
66000000	36.38
66500000	34.62
67000000	36.13
67500000	38.66
68000000	39.37
68500000	36.71
69000000	35.02
69500000	35.04
70000000	37.15
70500000	36.67
71000000	37.27
71500000	42.33
72000000	42.00
72500000	41.92
73000000	41.65
73500000	40.89
74000000	45.22
74500000	44.91
75000000	41.08
75500000	41.42
76000000	45.94
76500000	45.23
77000000	51.25
77500000	48.68
78000000	50.36
