0	0.00
500000	0.00
1000000	0.00
1500000	0.00
2000000	0.00
2500000	0.00
3000000	0.00
3500000	0.00
4000000	0.00
4500000	0.00
5000000	0.00
5500000	0.00
6000000	0.00
6500000	0.00
7000000	0.00
7500000	0.00
8000000	0.00
8500000	0.00
9000000	0.00
9500000	0.00
10000000	0.00
10500000	0.00
11000000	0.00
11500000	0.00
12000000	0.00
12500000	0.00
13000000	0.00
13500000	0.00
14000000	0.00
14500000	0.00
15000000	0.00
15500000	0.00
16000000	0.00
16500000	0.00
17000000	0.00
17500000	0.00
18000000	0.00
18500000	0.00
19000000	40.29
19500000	41.99
20000000	37.68
20500000	40.54
21000000	43.46
21500000	43.46
22000000	39.32
22500000	39.59
23000000	46.10
23500000	47.09
24000000	43.43
24500000	49.28
25000000	39.77
25500000	38.46
26000000	37.03
26500000	36.26
27000000	35.07
27500000	34.68
28000000	34.25
28500000	35.55
29000000	35.96
29500000	35.50
30000000	37.05
30500000	38.02
31000000	38.00
31500000	40.77
32000000	39.30
32500000	38.85
33000000	37.82
33500000	37.61
34000000	40.23
34500000	42.16
35000000	42.21
35500000	42.25
36000000	38.02
36500000	39.11
37000000	39.35
37500000	36.84
38000000	38.15
38500000	37.25
39000000	38.39
39500000	39.28
40000000	37.28
40500000	35.14
41000000	34.21
41500000	34.85
42000000	34.48
42500000	34.93
43000000	34.38
43500000	33.90
44000000	35.15
44500000	35.79
45000000	38.13
45500000	38.23
46000000	36.72
46500000	34.40
47000000	34.40
47500000	35.33
48000000	35.92
48500000	35.31
49000000	35.64
49500000	39.28
50000000	42.55
50500000	40.32
51000000	40.83
51500000	40.02
52000000	40.35
52500000	39.82
53000000	39.36
53500000	39.41
54000000	38.86
54500000	40.55
55000000	42.11
55500000	41.57
56000000	40.32
56500000	40.12
57000000	40.46
57500000	38.70
58000000	39.53
58500000	39.30
59000000	40.32
59500000	39.59
60000000	38.49
60500000	37.99
61000000	38.39
61500000	42.22
62000000	40.07
62500000	37.97
63000000	36.64
63500000	39.74
64000000	41.42
64500000	41.84
65000000	46.18
65500000	42.97
66000000	40.46
66500000	40.10
67000000	35.99
67500000	41.22
68000000	41.26
68500000	40.03
69000000	47.70
69500000	43.85
70000000	45.22
70500000	41.38
71000000	41.28
71500000	41.07
72000000	40.52
72500000	41.66
73000000	46.38
73500000	43.40
74000000	45.30
74500000	46.14
75000000	45.71
75500000	44.91
76000000	41.86
76500000	45.93
77000000	47.87
77500000	46.83
78000000	44.38
78500000	42.55
79000000	39.21
79500000	38.31
80000000	38.24
80500000	37.66
81000000	36.89
81500000	40.24
82000000	39.47
82500000	36.18
83000000	35.56
83500000	35.01
84000000	35.40
84500000	35.94
85000000	35.93
85500000	37.37
86000000	37.33
86500000	35.72
87000000	36.25
87500000	37.48
88000000	39.72
88500000	40.96
89000000	39.80
89500000	44.46
90000000	41.79
90500000	45.07
91000000	43.67
91500000	47.14
92000000	40.42
92500000	45.76
93000000	48.20
93500000	43.19
94000000	46.97
94500000	43.21
95000000	46.82
95500000	46.27
96000000	45.13
96500000	44.10
97000000	43.38
97500000	42.83
98000000	41.66
98500000	41.00
99000000	43.51
99500000	47.43
100000000	48.45
100500000	48.84
101000000	49.83
101500000	47.41
102000000	46.44
102500000	47.80
103000000	48.15
103500000	48.66
104000000	48.18
104500000	53.61
105000000	56.35
105500000	57.61
106000000	52.83
106500000	41.05
107000000	41.45
