0	51.59
500000	57.64
1000000	58.24
1500000	55.06
2000000	55.14
2500000	52.25
3000000	49.62
3500000	45.02
4000000	41.32
4500000	38.93
5000000	37.58
5500000	38.85
6000000	43.01
6500000	41.31
7000000	38.67
7500000	41.44
8000000	45.64
8500000	43.45
9000000	43.61
9500000	41.34
10000000	39.99
10500000	42.97
11000000	44.37
11500000	41.66
12000000	45.17
12500000	42.07
13000000	41.56
13500000	40.13
14000000	41.34
14500000	38.70
15000000	40.85
15500000	42.30
16000000	35.08
16500000	41.37
17000000	43.93
17500000	46.76
18000000	41.67
18500000	43.18
19000000	41.97
19500000	44.62
20000000	41.07
20500000	40.88
21000000	37.66
21500000	36.59
22000000	36.55
22500000	36.28
23000000	36.26
23500000	35.70
24000000	35.46
24500000	35.08
25000000	34.81
25500000	35.69
26000000	36.07
26500000	36.71
27000000	39.15
27500000	40.09
28000000	35.86
28500000	37.44
29000000	36.03
29500000	37.09
30000000	38.64
30500000	38.16
31000000	36.03
31500000	38.99
32000000	43.27
32500000	39.20
33000000	40.72
33500000	42.92
34000000	44.60
34500000	40.72
35000000	41.59
35500000	41.76
36000000	43.96
36500000	38.93
37000000	36.54
37500000	34.78
38000000	35.13
38500000	35.16
39000000	36.28
39500000	36.56
40000000	37.31
40500000	36.31
41000000	36.60
41500000	37.03
42000000	36.80
42500000	38.25
43000000	39.58
43500000	41.21
44000000	45.66
44500000	49.90
45000000	47.10
45500000	48.17
46000000	45.19
46500000	44.33
47000000	47.55
47500000	44.92
48000000	41.53
48500000	37.78
49000000	36.34
49500000	36.60
50000000	39.12
50500000	37.05
51000000	37.31
51500000	38.24
52000000	0.00
52500000	0.00
53000000	0.00
53500000	0.00
54000000	0.00
54500000	37.03
55000000	36.66
55500000	35.71
56000000	36.37
56500000	39.46
57000000	48.22
57500000	41.16
58000000	37.65
58500000	40.17
59000000	40.78
59500000	39.54
60000000	39.26
60500000	49.61
61000000	51.40
61500000	49.67
62000000	48.28
62500000	45.20
63000000	41.82
63500000	53.53
64000000	53.30
64500000	52.63
65000000	52.16
65500000	48.99
66000000	51.92
66500000	47.90
67000000	52.80
67500000	47.88
68000000	48.08
68500000	51.31
69000000	51.04
69500000	51.58
70000000	50.32
70500000	50.93
71000000	47.99
71500000	45.19
72000000	49.34
72500000	43.18
73000000	45.68
73500000	42.41
74000000	42.52
74500000	44.50
75000000	49.09
75500000	43.90
76000000	45.49
76500000	45.64
77000000	40.44
77500000	44.08
78000000	41.50
78500000	44.22
79000000	41.88
79500000	38.50
80000000	37.49
80500000	36.03
81000000	35.61
81500000	36.07
82000000	37.83
82500000	39.91
83000000	39.32
83500000	36.97
84000000	36.52
84500000	36.26
85000000	38.32
85500000	39.92
86000000	41.19
86500000	39.30
87000000	38.91
87500000	37.27
88000000	37.27
88500000	35.06
89000000	36.05
89500000	37.74
90000000	35.59
90500000	34.86
91000000	35.89
91500000	38.31
92000000	39.23
92500000	40.06
93000000	39.99
93500000	41.44
94000000	40.43
94500000	40.67
95000000	39.43
95500000	38.83
96000000	38.05
96500000	36.37
97000000	35.89
97500000	35.31
98000000	35.50
98500000	35.37
99000000	34.54
99500000	35.22
100000000	37.40
100500000	38.06
101000000	37.82
101500000	38.47
102000000	39.95
102500000	38.58
103000000	36.33
103500000	37.84
104000000	35.89
104500000	36.20
105000000	35.26
105500000	35.91
106000000	37.63
106500000	36.33
107000000	37.80
107500000	41.75
108000000	39.71
108500000	38.67
109000000	38.01
109500000	38.54
110000000	40.28
110500000	39.05
111000000	41.45
111500000	41.85
112000000	42.34
112500000	42.14
113000000	44.46
113500000	44.69
114000000	41.77
114500000	41.07
115000000	40.74
115500000	43.59
116000000	46.32
116500000	43.68
117000000	48.88
117500000	48.44
118000000	44.47
118500000	48.80
119000000	48.02
119500000	50.30
120000000	45.39
120500000	45.15
121000000	42.41
121500000	39.57
122000000	40.00
122500000	43.94
123000000	45.10
123500000	38.80
124000000	37.89
124500000	43.57
125000000	46.30
125500000	41.78
126000000	49.35
126500000	44.10
127000000	39.30
127500000	37.55
128000000	40.90
128500000	43.16
129000000	40.71
129500000	43.28
130000000	45.37
130500000	42.02
131000000	43.61
131500000	42.75
132000000	41.87
132500000	41.70
133000000	42.46
133500000	46.35
134000000	47.74
134500000	45.33
135000000	0.00
