0	48.98
500000	59.55
1000000	60.26
1500000	57.97
2000000	57.15
2500000	52.04
3000000	54.99
3500000	56.09
4000000	54.85
4500000	53.35
5000000	53.62
5500000	52.60
6000000	50.46
6500000	47.59
7000000	47.31
7500000	53.83
8000000	51.75
8500000	48.88
9000000	44.66
9500000	45.25
10000000	51.91
10500000	52.43
11000000	52.21
11500000	47.65
12000000	44.31
12500000	49.21
13000000	52.25
13500000	48.59
14000000	52.49
14500000	48.02
15000000	48.44
15500000	47.26
16000000	49.61
16500000	50.22
17000000	52.48
17500000	52.39
18000000	53.45
18500000	55.38
19000000	52.95
19500000	48.61
20000000	41.30
20500000	39.83
21000000	40.36
21500000	41.53
22000000	40.46
22500000	42.14
23000000	41.63
23500000	41.10
24000000	40.57
24500000	37.21
25000000	0.00
25500000	0.00
26000000	0.00
26500000	0.00
27000000	0.00
27500000	36.54
28000000	40.64
28500000	43.17
29000000	42.88
29500000	46.44
30000000	48.10
30500000	46.43
31000000	44.45
31500000	44.13
32000000	42.56
32500000	43.20
33000000	46.06
33500000	50.81
34000000	48.18
34500000	45.43
35000000	43.36
35500000	50.40
36000000	52.70
36500000	48.37
37000000	41.21
37500000	43.35
38000000	43.25
38500000	52.17
39000000	51.46
39500000	51.13
40000000	45.05
40500000	47.77
41000000	50.18
41500000	48.76
42000000	48.53
42500000	52.33
43000000	43.63
43500000	44.48
44000000	46.35
44500000	40.50
45000000	50.51
45500000	53.19
46000000	52.13
46500000	47.29
47000000	49.39
47500000	51.82
48000000	49.18
48500000	49.83
49000000	52.75
49500000	51.85
50000000	53.68
50500000	51.06
51000000	51.65
51500000	48.87
52000000	44.02
52500000	43.37
53000000	45.24
53500000	44.39
54000000	48.55
54500000	50.91
55000000	46.69
55500000	54.43
56000000	48.21
56500000	46.09
57000000	43.75
57500000	44.37
58000000	45.14
58500000	49.79
59000000	51.93
