0	0.00
500000	0.00
1000000	0.00
1500000	0.00
2000000	0.00
2500000	0.00
3000000	0.00
3500000	0.00
4000000	0.00
4500000	0.00
5000000	0.00
5500000	0.00
6000000	0.00
6500000	0.00
7000000	0.00
7500000	0.00
8000000	0.00
8500000	0.00
9000000	0.00
9500000	0.00
10000000	0.00
10500000	0.00
11000000	0.00
11500000	0.00
12000000	0.00
12500000	0.00
13000000	0.00
13500000	0.00
14000000	0.00
14500000	0.00
15000000	0.00
15500000	0.00
16000000	0.00
16500000	0.00
17000000	0.00
17500000	0.00
18000000	0.00
18500000	0.00
19000000	0.00
19500000	0.00
20000000	42.70
20500000	42.28
21000000	42.25
21500000	39.81
22000000	38.90
22500000	45.37
23000000	43.28
23500000	42.18
24000000	39.33
24500000	39.05
25000000	43.50
25500000	40.83
26000000	43.25
26500000	40.65
27000000	41.36
27500000	40.75
28000000	43.97
28500000	43.02
29000000	46.60
29500000	43.30
30000000	42.10
30500000	42.20
31000000	43.05
31500000	46.54
32000000	41.81
32500000	42.76
33000000	39.90
33500000	41.05
34000000	41.21
34500000	41.87
35000000	39.72
35500000	36.65
36000000	36.65
36500000	36.90
37000000	38.00
37500000	36.53
38000000	38.43
38500000	39.46
39000000	39.38
39500000	39.95
40000000	42.01
40500000	48.24
41000000	47.11
41500000	45.93
42000000	48.08
42500000	42.22
43000000	40.99
43500000	44.89
44000000	42.43
44500000	41.38
45000000	44.42
45500000	42.68
46000000	39.33
46500000	37.09
47000000	35.88
47500000	38.57
48000000	39.59
48500000	39.32
49000000	38.43
49500000	36.93
50000000	38.61
50500000	40.61
51000000	41.38
51500000	40.66
52000000	42.74
52500000	40.44
53000000	40.71
53500000	38.15
54000000	37.22
54500000	36.01
55000000	38.46
55500000	40.63
56000000	39.64
56500000	36.80
57000000	37.79
57500000	42.92
58000000	40.30
58500000	41.81
59000000	40.80
59500000	42.32
60000000	40.61
60500000	40.67
61000000	42.14
61500000	40.03
62000000	38.74
62500000	43.44
63000000	44.23
63500000	42.36
64000000	44.03
64500000	41.98
65000000	47.81
65500000	45.09
66000000	45.53
66500000	46.07
67000000	47.68
67500000	39.07
68000000	42.43
68500000	46.95
69000000	43.38
69500000	44.82
70000000	47.60
70500000	45.80
71000000	40.58
71500000	42.12
72000000	41.11
72500000	43.20
73000000	41.09
73500000	43.20
74000000	50.15
74500000	49.80
75000000	49.80
75500000	48.80
76000000	44.27
76500000	39.39
77000000	41.34
77500000	44.34
78000000	51.09
78500000	45.44
79000000	48.23
79500000	41.83
80000000	42.47
80500000	43.95
81000000	44.44
81500000	39.99
82000000	41.64
82500000	46.22
83000000	44.50
83500000	42.68
84000000	41.24
84500000	42.08
85000000	45.71
85500000	43.77
86000000	42.86
86500000	40.69
87000000	38.91
87500000	37.69
88000000	40.93
88500000	45.94
89000000	46.85
89500000	46.08
90000000	46.74
90500000	46.97
91000000	46.27
91500000	42.06
92000000	41.70
92500000	44.25
93000000	43.79
93500000	45.01
94000000	39.66
94500000	38.58
95000000	39.18
95500000	38.01
96000000	37.81
96500000	41.30
97000000	39.04
97500000	37.62
98000000	38.32
98500000	42.91
99000000	44.00
99500000	43.43
100000000	40.40
100500000	45.46
101000000	44.07
101500000	47.64
102000000	42.65
102500000	54.64
