0	42.40
500000	50.14
1000000	59.83
1500000	53.95
2000000	59.45
2500000	56.86
3000000	58.46
3500000	54.81
4000000	48.26
4500000	48.18
5000000	44.74
5500000	49.11
6000000	54.51
6500000	49.00
7000000	47.07
7500000	48.83
8000000	46.27
8500000	42.60
9000000	50.67
9500000	49.72
10000000	44.52
10500000	51.14
11000000	48.02
11500000	51.99
12000000	47.63
12500000	46.21
13000000	46.05
13500000	46.61
14000000	43.14
14500000	43.11
15000000	49.49
15500000	47.27
16000000	51.31
16500000	47.93
17000000	49.94
17500000	51.34
18000000	49.45
18500000	48.87
19000000	49.69
19500000	47.78
20000000	46.25
20500000	48.51
21000000	41.55
21500000	50.56
22000000	48.99
22500000	49.30
23000000	47.37
23500000	47.21
24000000	47.33
24500000	45.61
25000000	48.27
25500000	46.58
26000000	48.79
26500000	48.62
27000000	49.28
27500000	49.83
28000000	44.41
28500000	46.06
29000000	44.90
29500000	49.08
30000000	47.37
30500000	48.16
31000000	47.93
31500000	46.01
32000000	48.87
32500000	47.55
33000000	46.98
33500000	46.56
34000000	45.25
34500000	43.95
35000000	45.29
35500000	41.33
36000000	43.46
36500000	48.63
37000000	48.95
37500000	47.10
38000000	47.54
38500000	45.75
39000000	44.86
39500000	43.95
40000000	47.48
40500000	42.42
41000000	46.93
41500000	45.96
42000000	45.87
42500000	41.02
43000000	44.41
43500000	46.56
44000000	48.97
44500000	44.90
45000000	47.63
45500000	42.69
46000000	42.51
46500000	47.76
47000000	43.26
47500000	44.44
48000000	47.84
48500000	40.63
49000000	42.16
49500000	37.84
50000000	37.15
50500000	41.83
51000000	38.30
51500000	41.23
52000000	41.39
52500000	41.31
53000000	43.14
53500000	49.20
54000000	45.93
54500000	48.79
55000000	48.35
55500000	41.86
56000000	39.92
56500000	40.81
57000000	40.29
57500000	40.59
58000000	40.45
58500000	41.40
59000000	42.24
59500000	40.75
60000000	39.50
60500000	37.48
61000000	39.95
61500000	39.56
62000000	40.23
62500000	43.03
63000000	38.53
63500000	39.29
64000000	41.29
64500000	40.82
65000000	40.55
65500000	40.99
66000000	37.14
66500000	38.38
67000000	37.24
67500000	40.68
68000000	41.20
68500000	39.69
69000000	37.33
69500000	36.92
70000000	35.39
70500000	37.69
71000000	37.71
71500000	36.81
72000000	35.36
72500000	34.45
73000000	35.04
73500000	34.90
74000000	35.70
74500000	35.66
75000000	37.18
75500000	37.41
76000000	38.05
76500000	38.96
77000000	38.69
77500000	38.30
78000000	38.82
78500000	38.47
79000000	36.02
79500000	35.69
80000000	35.56
80500000	35.12
81000000	35.12
81500000	36.88
82000000	36.50
82500000	37.10
83000000	36.10
83500000	36.71
84000000	38.13
84500000	37.45
85000000	40.40
85500000	39.51
86000000	37.71
86500000	37.81
87000000	38.55
87500000	40.39
88000000	38.07
88500000	37.36
89000000	38.30
89500000	39.06
90000000	40.09
90500000	38.39
91000000	38.99
91500000	39.51
92000000	42.20
92500000	39.42
93000000	39.32
93500000	38.45
94000000	43.20
94500000	40.42
95000000	42.53
95500000	39.21
96000000	36.98
96500000	37.42
97000000	37.36
97500000	35.92
98000000	34.32
98500000	36.26
99000000	36.72
99500000	37.10
100000000	38.25
100500000	38.61
101000000	37.73
101500000	38.86
102000000	35.49
102500000	34.68
103000000	34.70
103500000	34.85
104000000	35.13
104500000	35.19
105000000	35.15
105500000	33.98
106000000	34.60
106500000	34.90
107000000	35.90
107500000	37.16
108000000	38.24
108500000	39.71
109000000	40.35
109500000	45.00
110000000	47.23
110500000	46.85
111000000	42.41
111500000	40.07
112000000	43.46
112500000	43.21
113000000	44.09
113500000	41.37
114000000	38.56
114500000	43.08
115000000	38.78
115500000	41.19
116000000	41.98
116500000	41.54
117000000	44.25
117500000	40.99
118000000	40.56
118500000	37.79
119000000	37.63
119500000	41.21
120000000	42.55
120500000	40.92
121000000	39.93
121500000	0.00
122000000	0.00
122500000	0.00
123000000	0.00
123500000	0.00
124000000	0.00
124500000	0.00
125000000	0.00
125500000	0.00
126000000	0.00
126500000	0.00
127000000	0.00
127500000	0.00
128000000	0.00
128500000	0.00
129000000	0.00
129500000	0.00
130000000	0.00
130500000	0.00
131000000	0.00
131500000	0.00
132000000	0.00
132500000	0.00
133000000	0.00
133500000	0.00
134000000	0.00
134500000	0.00
135000000	0.00
135500000	0.00
136000000	0.00
136500000	0.00
137000000	0.00
137500000	0.00
138000000	0.00
138500000	0.00
139000000	0.00
139500000	0.00
140000000	0.00
140500000	0.00
141000000	0.00
141500000	0.00
142000000	0.00
142500000	39.53
143000000	41.59
143500000	40.98
144000000	41.58
144500000	41.29
145000000	41.90
145500000	43.17
146000000	42.71
146500000	40.19
147000000	42.20
147500000	42.31
148000000	42.36
148500000	39.94
149000000	42.53
149500000	42.91
150000000	43.46
150500000	44.16
151000000	46.54
151500000	44.78
152000000	41.45
152500000	41.37
153000000	42.89
153500000	48.16
154000000	45.60
154500000	48.42
155000000	48.21
155500000	45.70
156000000	50.44
156500000	50.41
157000000	43.85
157500000	40.76
158000000	40.58
158500000	37.23
159000000	39.02
159500000	43.12
160000000	45.15
160500000	43.10
161000000	47.62
161500000	41.54
162000000	42.13
162500000	40.06
163000000	37.86
163500000	37.36
164000000	37.61
164500000	41.26
165000000	42.49
165500000	41.89
166000000	41.06
166500000	39.33
167000000	41.80
167500000	41.82
168000000	41.59
168500000	39.47
169000000	37.87
169500000	38.20
170000000	37.61
170500000	38.09
171000000	39.74
171500000	39.76
172000000	37.83
172500000	38.47
173000000	39.47
173500000	39.66
174000000	37.84
174500000	38.77
175000000	43.25
175500000	42.52
176000000	38.02
176500000	40.46
177000000	40.58
177500000	40.82
178000000	38.90
178500000	40.83
179000000	41.14
179500000	40.46
180000000	41.40
180500000	40.90
181000000	44.96
181500000	41.71
182000000	42.53
182500000	41.33
183000000	41.70
183500000	40.58
184000000	40.00
184500000	39.79
185000000	38.43
185500000	36.99
186000000	36.52
186500000	36.89
187000000	35.67
187500000	35.76
188000000	34.24
188500000	34.28
189000000	34.01
189500000	33.95
190000000	33.31
190500000	33.98
191000000	34.15
191500000	34.46
192000000	35.04
192500000	37.46
193000000	37.01
193500000	35.98
194000000	34.86
194500000	33.99
195000000	33.92
195500000	34.49
196000000	34.49
196500000	35.36
197000000	35.87
197500000	36.71
198000000	36.44
198500000	35.36
199000000	35.89
199500000	38.60
200000000	41.32
200500000	43.05
201000000	50.30
201500000	47.26
202000000	46.07
202500000	45.02
203000000	48.13
203500000	44.69
204000000	48.50
204500000	47.03
205000000	48.07
205500000	45.90
206000000	43.10
206500000	45.77
207000000	41.63
207500000	39.58
208000000	45.71
208500000	40.66
209000000	40.25
209500000	43.86
210000000	39.66
210500000	42.61
211000000	39.99
211500000	43.66
212000000	41.62
212500000	43.76
213000000	40.56
213500000	42.01
214000000	40.90
214500000	40.41
215000000	37.23
215500000	37.23
216000000	35.92
216500000	36.69
217000000	38.71
217500000	36.80
218000000	37.73
218500000	39.37
219000000	36.59
219500000	38.92
220000000	39.24
220500000	40.85
221000000	39.19
221500000	38.76
222000000	40.36
222500000	40.99
223000000	42.36
223500000	45.57
224000000	42.31
224500000	43.18
225000000	38.15
225500000	42.08
226000000	46.26
226500000	47.21
227000000	40.61
227500000	44.01
228000000	51.19
228500000	48.96
229000000	44.66
229500000	43.40
230000000	45.08
230500000	44.04
231000000	43.77
231500000	41.00
232000000	41.93
232500000	41.34
233000000	41.27
233500000	40.06
234000000	41.86
234500000	43.96
235000000	43.56
235500000	42.04
236000000	43.41
236500000	42.58
237000000	41.30
237500000	37.35
238000000	39.10
238500000	36.13
239000000	36.52
239500000	38.31
240000000	40.21
240500000	40.14
241000000	39.12
241500000	39.00
242000000	42.00
242500000	39.86
243000000	40.54
243500000	37.92
244000000	42.81
244500000	41.94
245000000	43.57
245500000	44.15
246000000	40.41
246500000	42.85
247000000	42.52
247500000	40.04
248000000	37.99
248500000	38.55
249000000	45.01
