0	0.00
500000	0.00
1000000	0.00
1500000	0.00
2000000	0.00
2500000	0.00
3000000	0.00
3500000	0.00
4000000	0.00
4500000	0.00
5000000	0.00
5500000	0.00
6000000	0.00
6500000	0.00
7000000	0.00
7500000	0.00
8000000	0.00
8500000	0.00
9000000	0.00
9500000	0.00
10000000	0.00
10500000	0.00
11000000	0.00
11500000	0.00
12000000	0.00
12500000	0.00
13000000	0.00
13500000	0.00
14000000	0.00
14500000	0.00
15000000	0.00
15500000	0.00
16000000	0.00
16500000	0.00
17000000	0.00
17500000	0.00
18000000	0.00
18500000	0.00
19000000	40.42
19500000	42.55
20000000	41.66
20500000	42.90
21000000	41.48
21500000	43.58
22000000	41.42
22500000	40.18
23000000	38.26
23500000	41.02
24000000	41.13
24500000	44.05
25000000	42.25
25500000	41.74
26000000	41.21
26500000	40.52
27000000	43.09
27500000	43.83
28000000	42.28
28500000	41.75
29000000	41.64
29500000	40.29
30000000	42.43
30500000	43.17
31000000	43.55
31500000	42.46
32000000	38.97
32500000	39.26
33000000	39.12
33500000	40.77
34000000	38.32
34500000	38.58
35000000	39.14
35500000	34.51
36000000	39.07
36500000	39.09
37000000	39.82
37500000	37.94
38000000	35.53
38500000	35.82
39000000	37.06
39500000	38.58
40000000	38.03
40500000	41.84
41000000	42.30
41500000	39.61
42000000	39.13
42500000	38.98
43000000	39.92
43500000	40.43
44000000	38.01
44500000	42.19
45000000	41.89
45500000	41.81
46000000	42.91
46500000	38.92
47000000	39.60
47500000	37.73
48000000	39.56
48500000	39.18
49000000	40.21
49500000	38.66
50000000	41.85
50500000	39.91
51000000	39.32
51500000	41.51
52000000	41.54
52500000	41.57
53000000	41.59
53500000	40.45
54000000	35.93
54500000	35.86
55000000	35.79
55500000	34.39
56000000	34.42
56500000	34.13
57000000	33.84
57500000	34.79
58000000	34.46
58500000	34.47
59000000	35.64
59500000	37.69
60000000	37.61
60500000	37.56
61000000	37.65
61500000	36.14
62000000	34.61
62500000	34.57
63000000	33.44
63500000	34.01
64000000	35.18
64500000	34.03
65000000	34.09
65500000	34.47
66000000	34.24
66500000	35.56
67000000	34.51
67500000	35.10
68000000	34.95
68500000	34.47
69000000	33.56
69500000	33.42
70000000	34.81
70500000	34.15
71000000	34.11
71500000	34.77
72000000	34.23
72500000	36.30
73000000	37.17
73500000	39.64
74000000	38.64
74500000	37.67
75000000	37.40
75500000	37.94
76000000	38.61
76500000	36.33
77000000	38.50
77500000	37.49
78000000	37.93
78500000	36.59
79000000	38.12
79500000	37.28
80000000	37.92
80500000	38.98
81000000	36.10
81500000	35.15
82000000	34.64
82500000	34.47
83000000	33.78
83500000	34.22
84000000	34.98
84500000	34.68
85000000	34.71
85500000	34.91
86000000	34.88
86500000	33.84
87000000	34.75
87500000	34.09
88000000	34.17
88500000	34.91
89000000	34.43
89500000	33.95
90000000	34.68
90500000	35.11
91000000	36.17
91500000	36.72
92000000	36.67
92500000	35.53
93000000	35.55
93500000	36.76
94000000	36.35
94500000	37.43
95000000	40.32
95500000	41.85
96000000	41.15
96500000	37.90
97000000	37.77
97500000	40.13
98000000	39.95
98500000	43.21
99000000	45.26
99500000	42.05
100000000	43.66
100500000	42.00
101000000	42.80
101500000	39.30
102000000	36.54
102500000	37.42
103000000	39.03
103500000	38.76
104000000	36.53
104500000	35.48
105000000	36.21
105500000	35.67
106000000	36.36
106500000	38.93
107000000	40.63
107500000	38.54
108000000	37.17
108500000	37.35
109000000	38.11
109500000	39.41
110000000	41.77
110500000	43.52
111000000	47.02
111500000	44.61
112000000	48.10
112500000	48.12
113000000	46.48
113500000	51.42
114000000	51.38
114500000	53.32
115000000	43.29
