0	47.29
500000	44.27
1000000	39.95
1500000	45.49
2000000	45.66
2500000	48.15
3000000	50.53
3500000	44.43
4000000	43.87
4500000	41.70
5000000	43.56
5500000	44.33
6000000	48.39
6500000	49.72
7000000	45.60
7500000	40.81
8000000	44.39
8500000	42.55
9000000	40.84
9500000	40.14
10000000	38.73
10500000	36.66
11000000	37.25
11500000	41.71
12000000	42.29
12500000	42.37
13000000	43.56
13500000	40.84
14000000	40.86
14500000	38.68
15000000	37.63
15500000	37.36
16000000	38.24
16500000	36.26
17000000	35.53
17500000	35.46
18000000	35.35
18500000	36.43
19000000	38.23
19500000	40.37
20000000	37.00
20500000	36.49
21000000	35.62
21500000	37.50
22000000	38.00
22500000	36.98
23000000	37.64
23500000	35.58
24000000	35.68
24500000	38.18
25000000	39.32
25500000	38.92
26000000	40.20
26500000	38.34
27000000	39.17
27500000	40.15
28000000	37.34
28500000	36.59
29000000	38.22
29500000	38.67
30000000	39.45
30500000	39.28
31000000	44.56
31500000	42.34
32000000	42.03
32500000	40.79
33000000	39.05
33500000	35.93
34000000	41.50
34500000	41.95
35000000	0.00
35500000	0.00
36000000	0.00
36500000	0.00
37000000	0.00
37500000	39.58
38000000	37.55
38500000	37.92
39000000	36.61
39500000	37.32
40000000	36.83
40500000	36.51
41000000	35.84
41500000	36.37
42000000	38.85
42500000	40.08
43000000	38.77
43500000	36.26
44000000	37.95
44500000	36.85
45000000	36.87
45500000	39.57
46000000	37.97
46500000	39.08
47000000	38.40
47500000	40.43
48000000	46.66
48500000	40.86
49000000	48.28
49500000	46.02
50000000	48.52
50500000	43.03
51000000	42.27
51500000	44.66
52000000	47.01
52500000	49.46
53000000	48.88
53500000	47.85
54000000	46.49
54500000	47.57
55000000	39.81
55500000	36.33
56000000	46.94
56500000	47.35
57000000	45.60
57500000	48.97
58000000	44.82
58500000	38.87
59000000	37.29
59500000	36.49
60000000	35.62
60500000	34.51
61000000	34.82
61500000	36.41
62000000	36.39
62500000	36.80
63000000	41.33
63500000	37.46
64000000	38.74
64500000	41.27
65000000	41.30
65500000	37.92
66000000	39.54
66500000	39.89
67000000	38.10
67500000	39.16
68000000	39.72
68500000	40.03
69000000	40.84
69500000	39.66
70000000	39.75
70500000	38.17
71000000	37.46
71500000	37.66
72000000	38.11
72500000	36.24
73000000	36.21
73500000	34.98
74000000	34.59
74500000	35.74
75000000	34.73
75500000	35.98
76000000	39.60
76500000	38.98
77000000	39.13
77500000	37.41
78000000	35.67
78500000	35.56
79000000	34.50
79500000	37.82
80000000	37.38
80500000	36.21
81000000	36.01
81500000	34.55
82000000	35.62
82500000	35.84
83000000	37.46
83500000	36.59
84000000	35.48
84500000	34.37
85000000	34.55
85500000	34.26
86000000	35.35
86500000	34.67
87000000	34.14
87500000	35.35
88000000	35.70
88500000	36.42
89000000	36.84
89500000	39.18
90000000	37.33
90500000	35.72
91000000	35.25
91500000	35.74
92000000	37.53
92500000	39.47
93000000	39.65
93500000	41.61
94000000	41.25
94500000	41.55
95000000	42.00
95500000	41.21
96000000	41.33
96500000	41.06
97000000	37.94
97500000	38.52
98000000	38.85
98500000	41.16
99000000	40.11
99500000	36.69
100000000	37.50
100500000	40.70
101000000	39.40
101500000	40.04
102000000	39.85
102500000	38.65
103000000	39.94
103500000	38.41
104000000	42.37
104500000	43.66
105000000	41.40
105500000	41.45
106000000	41.76
106500000	42.34
107000000	40.26
107500000	44.11
108000000	42.95
108500000	46.32
109000000	45.79
109500000	46.14
110000000	49.12
110500000	43.69
111000000	46.61
111500000	47.99
112000000	44.46
112500000	43.92
113000000	44.41
113500000	50.40
114000000	48.06
114500000	43.82
115000000	44.32
115500000	42.35
116000000	42.25
116500000	42.56
117000000	46.04
117500000	46.95
118000000	44.62
118500000	42.62
119000000	42.39
119500000	44.09
120000000	43.64
120500000	48.97
121000000	46.34
121500000	47.67
122000000	50.27
122500000	46.34
123000000	47.20
123500000	47.73
124000000	45.85
124500000	51.68
125000000	51.41
125500000	46.50
126000000	41.54
126500000	40.67
127000000	40.33
127500000	41.53
128000000	41.19
128500000	43.94
129000000	46.12
129500000	43.06
130000000	43.08
130500000	47.14
131000000	47.17
131500000	50.96
132000000	50.82
132500000	55.59
133000000	54.89
133500000	42.93
