0	43.15
500000	44.97
1000000	44.25
1500000	49.27
2000000	41.51
2500000	47.19
3000000	47.69
3500000	45.60
4000000	39.32
4500000	38.03
5000000	38.38
5500000	41.45
6000000	40.01
6500000	40.06
7000000	42.29
7500000	39.98
8000000	42.47
8500000	45.28
9000000	43.78
9500000	45.68
10000000	48.37
10500000	47.74
11000000	43.96
11500000	46.46
12000000	41.44
12500000	40.59
13000000	36.52
13500000	35.37
14000000	35.77
14500000	38.95
15000000	40.39
15500000	42.55
16000000	45.08
16500000	41.62
17000000	38.12
17500000	38.29
18000000	40.34
18500000	38.50
19000000	39.24
19500000	41.91
20000000	44.18
20500000	45.57
21000000	40.64
21500000	38.86
22000000	36.63
22500000	37.27
23000000	41.13
23500000	47.89
24000000	41.78
24500000	39.22
25000000	48.03
25500000	44.12
26000000	43.72
26500000	48.29
27000000	48.24
27500000	45.24
28000000	39.04
28500000	46.92
29000000	43.48
29500000	43.05
30000000	43.29
30500000	42.40
31000000	45.08
31500000	40.45
32000000	40.05
32500000	39.28
33000000	40.81
33500000	40.28
34000000	38.88
34500000	37.03
35000000	35.17
35500000	35.61
36000000	37.62
36500000	40.27
37000000	39.64
37500000	39.95
38000000	41.37
38500000	43.02
39000000	40.23
39500000	39.41
40000000	38.84
40500000	36.18
41000000	34.91
41500000	37.86
42000000	43.22
42500000	42.75
43000000	49.38
43500000	39.60
44000000	41.14
44500000	38.28
45000000	45.24
45500000	40.72
46000000	44.13
46500000	42.45
47000000	47.17
47500000	45.30
48000000	40.27
48500000	40.29
49000000	39.75
49500000	36.78
50000000	35.83
50500000	36.27
51000000	35.66
51500000	34.79
52000000	35.18
52500000	36.70
53000000	36.32
53500000	38.78
54000000	39.91
54500000	41.35
55000000	40.55
55500000	39.15
56000000	39.30
56500000	36.74
57000000	35.79
57500000	35.42
58000000	35.30
58500000	37.15
59000000	38.27
59500000	37.18
60000000	40.54
60500000	43.89
61000000	40.66
61500000	41.41
62000000	42.21
62500000	41.69
63000000	36.98
63500000	38.02
64000000	38.95
64500000	42.23
65000000	44.09
65500000	43.51
66000000	40.41
66500000	38.97
67000000	37.60
67500000	38.72
68000000	39.85
68500000	39.48
69000000	41.40
69500000	41.96
70000000	43.86
70500000	43.67
71000000	45.27
71500000	45.05
72000000	44.92
72500000	36.58
73000000	47.31
73500000	41.06
74000000	45.01
74500000	45.86
75000000	41.96
75500000	39.54
76000000	36.64
76500000	36.52
77000000	35.12
77500000	34.83
78000000	35.01
78500000	34.86
79000000	38.75
79500000	37.47
80000000	39.38
80500000	38.55
81000000	36.05
81500000	35.70
82000000	35.47
82500000	34.69
83000000	35.91
83500000	35.05
84000000	37.80
84500000	39.03
85000000	44.42
85500000	48.58
86000000	45.19
86500000	40.92
87000000	41.51
87500000	46.55
88000000	40.20
88500000	42.87
89000000	40.01
89500000	41.05
90000000	40.98
90500000	45.46
91000000	0.00
91500000	43.12
92000000	39.81
92500000	0.00
93000000	0.00
93500000	0.00
94000000	0.00
94500000	0.00
95000000	38.89
95500000	46.21
96000000	43.65
96500000	45.17
97000000	47.54
97500000	43.80
98000000	42.61
98500000	41.44
99000000	44.09
99500000	40.40
100000000	41.71
100500000	42.08
101000000	44.26
101500000	44.46
102000000	42.79
102500000	41.90
103000000	39.57
103500000	37.39
104000000	36.04
104500000	36.19
105000000	41.30
105500000	42.24
106000000	43.61
106500000	43.48
107000000	41.48
107500000	38.81
108000000	38.37
108500000	39.06
109000000	40.02
109500000	47.14
110000000	46.91
110500000	42.92
111000000	43.20
111500000	43.04
112000000	44.90
112500000	42.04
113000000	42.56
113500000	44.10
114000000	43.09
114500000	40.39
115000000	38.08
115500000	37.17
116000000	35.64
116500000	36.45
117000000	36.11
117500000	36.77
118000000	38.85
118500000	41.28
119000000	41.32
119500000	45.87
120000000	44.49
120500000	39.24
121000000	50.34
121500000	50.48
122000000	42.90
122500000	44.12
123000000	38.27
123500000	35.88
124000000	35.89
124500000	37.41
125000000	39.07
125500000	37.22
126000000	36.84
126500000	37.21
127000000	40.23
127500000	47.55
128000000	45.70
128500000	43.71
129000000	49.03
129500000	41.59
130000000	41.86
130500000	45.46
131000000	45.12
131500000	46.01
132000000	43.13
132500000	38.87
133000000	42.68
133500000	38.83
134000000	39.89
134500000	42.34
135000000	43.12
135500000	40.06
136000000	38.59
136500000	41.86
137000000	41.10
137500000	38.06
138000000	37.33
138500000	37.81
139000000	37.73
139500000	36.71
140000000	36.08
140500000	35.82
141000000	34.40
141500000	34.89
142000000	35.45
142500000	34.42
143000000	36.20
143500000	36.72
144000000	36.41
144500000	37.59
145000000	38.05
145500000	36.48
146000000	35.33
146500000	35.33
147000000	35.34
147500000	36.98
148000000	38.75
148500000	36.21
149000000	38.67
149500000	41.00
150000000	39.37
150500000	37.50
151000000	38.24
151500000	38.44
152000000	39.49
152500000	40.27
153000000	40.42
153500000	37.74
154000000	37.34
154500000	35.81
155000000	35.52
155500000	34.82
156000000	34.18
156500000	35.30
157000000	38.22
157500000	36.33
158000000	37.59
158500000	39.84
159000000	37.87
159500000	42.80
160000000	38.39
160500000	38.88
161000000	39.43
161500000	38.43
162000000	36.93
162500000	36.55
163000000	35.93
163500000	35.29
164000000	35.97
164500000	36.27
165000000	36.47
165500000	36.45
166000000	36.01
166500000	36.81
167000000	35.31
167500000	36.01
168000000	36.53
168500000	39.10
169000000	39.70
169500000	39.33
170000000	39.07
170500000	38.90
171000000	40.36
171500000	41.00
172000000	40.44
172500000	40.39
173000000	42.31
173500000	40.52
174000000	40.73
174500000	40.57
175000000	40.12
175500000	39.53
176000000	38.89
176500000	40.59
177000000	39.97
177500000	39.34
178000000	39.22
178500000	39.03
179000000	39.44
179500000	37.51
180000000	37.27
180500000	37.05
181000000	36.10
181500000	36.05
182000000	36.22
182500000	37.48
183000000	36.72
183500000	37.74
184000000	37.32
184500000	35.73
185000000	33.81
185500000	34.15
186000000	34.43
186500000	34.74
187000000	36.72
187500000	37.07
188000000	35.04
188500000	36.01
189000000	35.60
189500000	34.93
190000000	36.80
190500000	37.33
191000000	39.52
191500000	38.69
192000000	39.95
192500000	37.75
193000000	35.26
193500000	34.00
194000000	34.14
194500000	33.94
195000000	33.91
195500000	34.64
196000000	37.88
196500000	37.50
197000000	39.10
197500000	38.25
198000000	41.66
198500000	38.00
199000000	36.88
199500000	35.81
200000000	39.31
200500000	39.19
201000000	39.93
201500000	41.68
202000000	40.26
202500000	42.48
203000000	42.42
203500000	39.17
204000000	40.28
204500000	40.63
205000000	39.91
205500000	36.58
206000000	38.63
206500000	43.53
207000000	40.30
207500000	39.74
208000000	40.61
208500000	42.55
209000000	39.12
209500000	36.62
210000000	36.37
210500000	37.10
211000000	37.13
211500000	35.79
212000000	36.00
212500000	34.75
213000000	34.38
213500000	36.63
214000000	36.16
214500000	35.94
215000000	36.37
215500000	37.66
216000000	39.48
216500000	40.90
217000000	43.73
217500000	44.66
218000000	40.99
218500000	48.46
219000000	46.28
219500000	47.83
220000000	51.81
220500000	42.67
221000000	38.95
221500000	38.39
222000000	38.82
222500000	38.78
223000000	40.01
223500000	41.11
224000000	38.60
224500000	42.19
225000000	40.38
225500000	39.53
226000000	37.30
226500000	36.58
227000000	37.92
227500000	40.47
228000000	40.14
228500000	40.58
229000000	37.44
229500000	38.06
230000000	40.28
230500000	41.08
231000000	41.22
231500000	45.06
232000000	47.23
232500000	45.17
233000000	48.95
233500000	45.65
234000000	45.48
234500000	42.69
235000000	44.00
235500000	45.45
236000000	45.29
236500000	46.80
237000000	45.43
237500000	45.61
238000000	45.63
238500000	46.05
239000000	49.88
239500000	47.05
240000000	50.77
240500000	49.00
241000000	50.63
241500000	55.65
242000000	48.68
242500000	52.89
243000000	41.89
