0	0.00
500000	0.00
1000000	0.00
1500000	0.00
2000000	0.00
2500000	0.00
3000000	0.00
3500000	0.00
4000000	0.00
4500000	0.00
5000000	0.00
5500000	0.00
6000000	0.00
6500000	0.00
7000000	0.00
7500000	0.00
8000000	0.00
8500000	0.00
9000000	36.81
9500000	42.04
10000000	36.66
10500000	38.93
11000000	40.46
11500000	0.00
12000000	0.00
12500000	0.00
13000000	0.00
13500000	0.00
14000000	37.49
14500000	37.33
15000000	42.77
15500000	36.21
16000000	37.13
16500000	38.06
17000000	36.15
17500000	35.40
18000000	36.04
18500000	39.48
19000000	39.04
19500000	35.28
20000000	35.57
20500000	34.81
21000000	34.82
21500000	35.00
22000000	35.71
22500000	34.03
23000000	35.40
23500000	34.81
24000000	34.77
24500000	34.16
25000000	36.45
25500000	34.62
26000000	35.77
26500000	37.25
27000000	39.87
27500000	38.68
28000000	37.80
28500000	35.98
29000000	36.11
29500000	36.94
30000000	39.44
30500000	39.65
31000000	37.44
31500000	36.70
32000000	38.66
32500000	44.15
33000000	43.72
33500000	44.87
34000000	42.62
34500000	43.64
35000000	42.55
35500000	44.10
36000000	43.45
36500000	40.34
37000000	42.58
37500000	46.28
38000000	44.78
38500000	41.42
39000000	42.79
39500000	41.76
40000000	44.79
40500000	41.68
41000000	43.43
41500000	40.34
42000000	41.83
42500000	46.45
43000000	49.43
43500000	49.56
44000000	50.11
44500000	52.64
45000000	50.10
45500000	54.77
46000000	52.22
46500000	52.65
47000000	49.38
47500000	50.25
48000000	44.00
