0	44.00
500000	48.45
1000000	44.43
1500000	45.03
2000000	44.53
2500000	45.46
3000000	46.78
3500000	46.87
4000000	44.93
4500000	44.11
5000000	43.67
5500000	42.83
6000000	39.97
6500000	38.89
7000000	36.79
7500000	37.19
8000000	37.54
8500000	38.73
9000000	39.67
9500000	38.73
10000000	39.95
10500000	40.86
11000000	37.88
11500000	39.03
12000000	38.68
12500000	38.75
13000000	39.88
13500000	39.59
14000000	36.86
14500000	37.64
15000000	38.27
15500000	38.87
16000000	40.64
16500000	40.70
17000000	40.94
17500000	46.71
18000000	42.38
18500000	42.85
19000000	42.45
19500000	44.32
20000000	41.83
20500000	41.75
21000000	41.29
21500000	41.49
22000000	39.85
22500000	42.90
23000000	45.70
23500000	44.48
24000000	43.28
24500000	47.16
25000000	47.77
25500000	42.84
26000000	39.28
26500000	0.00
27000000	0.00
27500000	0.00
28000000	0.00
28500000	0.00
29000000	35.51
29500000	41.24
30000000	47.66
30500000	46.81
31000000	50.57
31500000	48.09
32000000	47.44
32500000	45.15
33000000	43.90
33500000	45.84
34000000	45.83
34500000	48.13
35000000	49.27
35500000	45.98
36000000	46.23
36500000	47.46
37000000	45.66
37500000	44.55
38000000	39.95
38500000	39.25
39000000	44.19
39500000	44.50
40000000	42.30
40500000	42.76
41000000	41.51
41500000	43.98
42000000	46.19
42500000	46.80
43000000	46.93
43500000	42.91
44000000	43.68
44500000	50.40
45000000	44.23
45500000	45.73
46000000	46.35
46500000	47.09
47000000	49.10
47500000	44.87
48000000	46.20
48500000	50.71
49000000	48.23
49500000	45.90
50000000	47.15
50500000	42.90
51000000	40.08
51500000	41.53
52000000	43.85
52500000	40.76
53000000	39.18
53500000	37.47
54000000	38.11
54500000	41.91
55000000	47.17
55500000	48.69
56000000	49.49
56500000	45.48
57000000	47.70
57500000	45.55
58000000	44.84
58500000	43.63
59000000	42.23
59500000	47.65
60000000	52.08
60500000	55.67
61000000	57.86
61500000	56.07
62000000	57.90
62500000	53.66
63000000	0.00
