0	0.00
500000	0.00
1000000	0.00
1500000	0.00
2000000	0.00
2500000	0.00
3000000	0.00
3500000	0.00
4000000	0.00
4500000	0.00
5000000	0.00
5500000	0.00
6000000	0.00
6500000	0.00
7000000	0.00
7500000	0.00
8000000	0.00
8500000	0.00
9000000	0.00
9500000	0.00
10000000	0.00
10500000	0.00
11000000	0.00
11500000	0.00
12000000	0.00
12500000	0.00
13000000	0.00
13500000	0.00
14000000	0.00
14500000	0.00
15000000	0.00
15500000	0.00
16000000	41.56
16500000	40.75
17000000	41.47
17500000	46.40
18000000	48.14
18500000	47.51
19000000	47.97
19500000	52.97
20000000	55.27
20500000	49.24
21000000	49.30
21500000	50.32
22000000	47.33
22500000	45.15
23000000	47.87
23500000	50.67
24000000	50.05
24500000	49.00
25000000	47.56
25500000	46.78
26000000	44.30
26500000	45.29
27000000	45.96
27500000	46.78
28000000	46.29
28500000	38.43
29000000	44.44
29500000	49.18
30000000	45.55
30500000	49.35
31000000	48.04
31500000	46.53
32000000	46.27
32500000	44.74
33000000	45.49
33500000	43.17
34000000	43.72
34500000	40.29
35000000	43.11
35500000	48.84
36000000	42.17
36500000	49.57
37000000	49.48
37500000	54.02
38000000	53.48
38500000	49.49
39000000	50.25
39500000	52.81
40000000	45.94
40500000	43.58
41000000	44.87
41500000	50.52
42000000	48.49
42500000	51.30
43000000	50.29
43500000	52.30
44000000	47.27
44500000	50.86
45000000	52.37
45500000	48.58
46000000	49.41
46500000	52.79
47000000	50.45
47500000	48.23
48000000	44.87
48500000	50.33
49000000	51.42
49500000	49.74
50000000	53.95
50500000	55.71
51000000	51.21
