0	37.32
500000	36.54
1000000	36.42
1500000	36.79
2000000	37.05
2500000	38.33
3000000	39.59
3500000	39.26
4000000	39.45
4500000	42.20
5000000	42.88
5500000	38.66
6000000	37.54
6500000	37.14
7000000	37.16
7500000	39.05
8000000	39.97
8500000	43.70
9000000	44.10
9500000	48.02
10000000	47.73
10500000	47.69
11000000	44.90
11500000	44.71
12000000	40.72
12500000	47.80
13000000	51.97
13500000	49.97
14000000	46.05
14500000	48.00
15000000	43.43
15500000	40.38
16000000	42.81
16500000	40.11
17000000	38.41
17500000	38.20
18000000	37.67
18500000	37.02
19000000	36.34
19500000	38.47
20000000	39.02
20500000	36.67
21000000	36.55
21500000	36.55
22000000	36.07
22500000	37.40
23000000	38.47
23500000	41.43
24000000	39.37
24500000	37.70
25000000	38.57
25500000	38.92
26000000	38.06
26500000	38.13
27000000	38.08
27500000	40.75
28000000	36.97
28500000	37.80
29000000	36.70
29500000	36.10
30000000	37.32
30500000	38.78
31000000	39.66
31500000	40.68
32000000	43.28
32500000	43.22
33000000	41.71
33500000	38.58
34000000	39.81
34500000	36.98
35000000	35.88
35500000	36.30
36000000	37.57
36500000	41.25
37000000	40.60
37500000	43.97
38000000	45.52
38500000	43.85
39000000	44.07
39500000	39.21
40000000	41.12
40500000	41.85
41000000	41.23
41500000	38.91
42000000	44.07
42500000	45.40
43000000	43.09
43500000	41.73
44000000	41.83
44500000	43.29
45000000	44.62
45500000	44.23
46000000	42.93
46500000	47.54
47000000	45.95
47500000	44.93
48000000	45.82
48500000	49.51
49000000	49.25
49500000	50.22
50000000	52.69
50500000	45.50
51000000	41.49
51500000	45.79
52000000	53.29
52500000	46.43
53000000	45.72
53500000	43.96
54000000	42.53
54500000	42.56
55000000	40.84
55500000	42.27
56000000	39.48
56500000	41.37
57000000	41.76
57500000	41.76
58000000	45.29
58500000	42.40
59000000	39.41
59500000	40.65
60000000	38.40
60500000	38.59
61000000	39.38
61500000	40.97
62000000	40.49
62500000	39.74
63000000	38.80
63500000	39.81
64000000	41.59
64500000	39.88
65000000	39.69
65500000	40.36
66000000	42.02
66500000	41.09
67000000	38.78
67500000	38.70
68000000	38.04
68500000	39.15
69000000	40.66
69500000	39.55
70000000	37.46
70500000	37.92
71000000	40.92
71500000	42.08
72000000	44.81
72500000	43.66
73000000	42.01
73500000	39.80
74000000	37.34
74500000	36.70
75000000	40.37
75500000	41.54
76000000	35.49
76500000	35.71
77000000	36.16
77500000	35.91
78000000	36.34
78500000	36.08
79000000	35.19
79500000	34.89
80000000	34.76
80500000	34.72
81000000	35.96
81500000	36.07
82000000	35.71
82500000	35.04
83000000	33.74
83500000	34.10
84000000	34.05
84500000	35.38
85000000	33.94
85500000	34.15
86000000	34.98
86500000	35.42
87000000	36.20
87500000	36.08
88000000	36.68
88500000	35.18
89000000	34.76
89500000	35.82
90000000	36.71
90500000	37.39
91000000	0.00
91500000	0.00
92000000	0.00
92500000	0.00
93000000	0.00
93500000	37.83
94000000	36.24
94500000	34.50
95000000	34.57
95500000	34.29
96000000	35.64
96500000	35.29
97000000	35.57
97500000	37.21
98000000	37.95
98500000	37.63
99000000	37.63
99500000	39.25
100000000	39.08
100500000	37.66
101000000	39.87
101500000	38.57
102000000	36.63
102500000	35.16
103000000	34.61
103500000	34.42
104000000	35.25
104500000	35.48
105000000	35.98
105500000	36.69
106000000	36.32
106500000	37.80
107000000	37.66
107500000	39.72
108000000	37.94
108500000	38.34
109000000	39.32
109500000	35.50
110000000	36.31
110500000	36.85
111000000	38.53
111500000	38.90
112000000	38.81
112500000	40.39
113000000	39.37
113500000	40.12
114000000	37.45
114500000	35.59
115000000	38.27
115500000	37.81
116000000	37.13
116500000	36.91
117000000	37.07
117500000	36.14
118000000	37.71
118500000	39.58
119000000	41.70
119500000	39.58
120000000	40.86
120500000	36.60
121000000	39.31
121500000	39.43
122000000	40.36
122500000	44.02
123000000	47.03
123500000	42.03
124000000	43.02
124500000	44.05
125000000	41.90
125500000	45.50
126000000	47.67
126500000	49.55
127000000	48.94
127500000	44.20
128000000	49.74
128500000	47.83
129000000	48.11
129500000	44.05
130000000	38.51
130500000	38.43
131000000	39.47
131500000	38.90
132000000	38.18
132500000	39.52
133000000	42.68
133500000	43.97
134000000	44.00
134500000	44.55
135000000	40.78
135500000	40.90
136000000	39.46
136500000	41.15
137000000	39.03
137500000	40.66
138000000	42.54
138500000	43.64
139000000	42.70
139500000	41.90
140000000	42.04
140500000	42.28
141000000	41.38
141500000	41.21
142000000	37.70
142500000	40.88
143000000	39.11
143500000	37.70
144000000	35.42
144500000	34.93
145000000	34.87
145500000	35.87
146000000	36.53
146500000	34.96
147000000	36.89
147500000	35.60
148000000	36.13
148500000	38.76
149000000	40.58
149500000	38.75
150000000	39.46
150500000	40.66
151000000	37.47
151500000	36.55
152000000	36.48
152500000	39.24
153000000	36.87
153500000	37.92
154000000	36.48
154500000	37.79
155000000	39.44
155500000	40.35
156000000	39.93
156500000	38.96
157000000	38.67
157500000	37.49
158000000	37.65
158500000	39.26
159000000	38.78
159500000	41.64
160000000	38.26
160500000	38.28
161000000	37.37
161500000	35.65
162000000	35.37
162500000	34.13
163000000	34.33
163500000	35.29
164000000	34.62
164500000	34.13
165000000	35.14
165500000	34.46
166000000	34.64
166500000	36.37
167000000	36.23
167500000	37.18
168000000	36.02
168500000	36.01
169000000	38.54
169500000	40.29
170000000	41.74
170500000	39.34
171000000	39.48
171500000	39.78
172000000	40.37
172500000	37.10
173000000	35.65
173500000	35.41
174000000	35.78
174500000	35.22
175000000	35.01
175500000	35.68
176000000	36.69
176500000	39.92
177000000	41.00
177500000	36.66
178000000	37.80
178500000	38.51
179000000	40.99
179500000	37.87
180000000	37.12
180500000	38.01
181000000	37.60
181500000	39.36
182000000	38.49
182500000	40.63
183000000	42.83
183500000	46.81
184000000	49.71
184500000	40.10
185000000	42.07
185500000	43.62
186000000	42.98
186500000	43.61
187000000	41.00
187500000	42.00
188000000	38.42
188500000	39.57
189000000	37.22
189500000	38.17
190000000	37.01
190500000	36.67
191000000	37.20
191500000	36.54
192000000	37.75
192500000	39.94
193000000	39.56
193500000	45.96
194000000	46.09
194500000	47.52
195000000	44.04
195500000	49.39
196000000	44.51
196500000	41.44
197000000	46.56
197500000	42.40
198000000	0.00
