0	40.92
500000	55.10
1000000	53.78
1500000	55.32
2000000	49.93
2500000	48.33
3000000	49.86
3500000	53.45
4000000	45.93
4500000	45.60
5000000	42.94
5500000	46.81
6000000	50.86
6500000	48.87
7000000	52.64
7500000	50.62
8000000	53.49
8500000	52.18
9000000	45.27
9500000	45.69
10000000	45.04
10500000	40.35
11000000	40.06
11500000	37.90
12000000	36.81
12500000	37.78
13000000	39.02
13500000	40.63
14000000	38.59
14500000	39.18
15000000	39.39
15500000	41.09
16000000	40.91
16500000	40.27
17000000	40.90
17500000	40.68
18000000	38.32
18500000	37.01
19000000	36.12
19500000	36.70
20000000	36.22
20500000	38.06
21000000	37.71
21500000	37.50
22000000	38.21
22500000	38.88
23000000	36.57
23500000	38.11
24000000	41.15
24500000	42.21
25000000	41.70
25500000	44.77
26000000	42.31
26500000	38.21
27000000	39.55
27500000	35.42
28000000	35.68
28500000	35.36
29000000	34.32
29500000	34.38
30000000	34.79
30500000	36.05
31000000	35.57
31500000	34.62
32000000	34.94
32500000	34.43
33000000	34.86
33500000	34.86
34000000	34.37
34500000	34.16
35000000	34.87
35500000	35.06
36000000	36.28
36500000	36.64
37000000	38.32
37500000	42.03
38000000	42.24
38500000	41.92
39000000	39.67
39500000	42.12
40000000	42.89
40500000	43.34
41000000	41.19
41500000	40.35
42000000	40.74
42500000	37.69
43000000	36.14
43500000	35.56
44000000	35.81
44500000	36.36
45000000	35.15
45500000	35.40
46000000	35.18
46500000	36.37
47000000	36.76
47500000	37.98
48000000	39.89
48500000	38.65
49000000	42.78
49500000	42.62
50000000	0.00
50500000	0.00
51000000	0.00
51500000	0.00
52000000	0.00
52500000	40.20
53000000	40.10
53500000	41.39
54000000	39.40
54500000	40.75
55000000	42.16
55500000	40.22
56000000	39.30
56500000	39.05
57000000	40.53
57500000	43.54
58000000	39.95
58500000	36.49
59000000	35.96
59500000	34.05
60000000	35.06
60500000	34.49
61000000	34.96
61500000	35.40
62000000	35.10
62500000	35.57
63000000	36.15
63500000	34.54
64000000	34.77
64500000	33.63
65000000	34.52
65500000	35.02
66000000	33.99
66500000	34.91
67000000	34.72
67500000	35.77
68000000	37.84
68500000	36.81
69000000	37.45
69500000	35.65
70000000	35.31
70500000	35.37
71000000	36.41
71500000	40.36
72000000	37.63
72500000	36.81
73000000	36.27
73500000	38.26
74000000	37.15
74500000	37.62
75000000	36.69
75500000	38.69
76000000	39.11
76500000	40.66
77000000	40.30
77500000	41.26
78000000	42.27
78500000	38.51
79000000	39.94
79500000	37.64
80000000	36.47
80500000	35.57
81000000	37.42
81500000	35.69
82000000	38.47
82500000	39.14
83000000	40.68
83500000	41.35
84000000	41.55
84500000	38.09
85000000	38.50
85500000	37.61
86000000	37.33
86500000	36.76
87000000	37.39
87500000	39.21
88000000	39.60
88500000	39.07
89000000	40.77
89500000	38.38
90000000	38.15
90500000	36.05
91000000	35.63
91500000	34.78
92000000	35.24
92500000	35.70
93000000	35.10
93500000	34.03
94000000	34.88
94500000	36.71
95000000	37.89
95500000	37.25
96000000	37.33
96500000	36.28
97000000	35.29
97500000	35.24
98000000	35.91
98500000	35.77
99000000	38.19
99500000	39.92
100000000	38.27
100500000	38.76
101000000	36.98
101500000	36.61
102000000	36.54
102500000	35.96
103000000	38.24
103500000	38.47
104000000	37.13
104500000	35.54
105000000	35.07
105500000	36.62
106000000	37.15
106500000	37.02
107000000	36.42
107500000	35.91
108000000	36.65
108500000	39.62
109000000	40.02
109500000	38.84
110000000	38.27
110500000	39.72
111000000	39.69
111500000	37.28
112000000	35.51
112500000	36.01
113000000	39.39
113500000	39.18
114000000	36.75
114500000	36.59
115000000	36.14
115500000	35.41
116000000	34.11
116500000	34.28
117000000	34.49
117500000	34.11
118000000	34.39
118500000	36.09
119000000	37.62
119500000	39.46
120000000	38.17
120500000	36.85
121000000	36.07
121500000	37.54
122000000	37.79
122500000	38.31
123000000	36.65
123500000	38.92
124000000	38.71
124500000	37.16
125000000	35.91
125500000	35.82
126000000	35.25
126500000	35.35
127000000	34.82
127500000	35.91
128000000	37.31
128500000	38.63
129000000	39.78
129500000	39.66
130000000	37.12
130500000	35.72
131000000	34.76
131500000	34.45
132000000	34.39
132500000	36.71
133000000	34.65
133500000	34.53
134000000	34.47
134500000	34.91
135000000	34.26
135500000	34.53
136000000	34.40
136500000	33.82
137000000	34.42
137500000	35.54
138000000	35.18
138500000	35.59
139000000	37.18
139500000	41.10
140000000	40.94
140500000	41.95
141000000	39.69
141500000	39.78
142000000	37.98
142500000	36.79
143000000	36.41
143500000	37.02
144000000	38.42
144500000	38.17
145000000	37.07
145500000	37.46
146000000	38.91
146500000	40.41
147000000	38.60
147500000	37.61
148000000	38.26
148500000	40.84
149000000	38.24
149500000	37.66
150000000	36.22
150500000	36.75
151000000	37.50
151500000	37.58
152000000	40.42
152500000	42.30
153000000	39.32
153500000	41.44
154000000	42.31
154500000	40.52
155000000	38.15
155500000	38.19
156000000	36.98
156500000	36.94
157000000	35.70
157500000	36.37
158000000	35.28
158500000	35.65
159000000	37.64
159500000	39.98
160000000	38.91
160500000	37.10
161000000	35.63
161500000	34.12
162000000	34.76
162500000	33.84
163000000	34.62
163500000	36.41
164000000	37.70
164500000	35.72
165000000	35.90
165500000	40.27
166000000	39.37
166500000	36.35
167000000	35.42
167500000	34.83
168000000	35.33
168500000	35.98
169000000	37.31
169500000	40.56
170000000	39.04
170500000	40.10
171000000	37.97
171500000	35.16
172000000	34.57
172500000	35.73
173000000	35.70
173500000	38.13
174000000	39.90
174500000	37.16
175000000	36.70
175500000	35.96
176000000	36.13
176500000	35.89
177000000	36.84
177500000	36.63
178000000	38.14
178500000	35.78
179000000	35.14
179500000	35.12
180000000	35.62
180500000	35.75
181000000	35.84
181500000	36.80
182000000	37.81
182500000	38.79
183000000	39.01
183500000	42.04
184000000	42.51
184500000	42.54
185000000	43.68
185500000	44.03
186000000	41.04
186500000	40.80
187000000	42.34
187500000	40.89
188000000	38.81
188500000	39.54
189000000	41.60
189500000	38.07
190000000	39.71
190500000	42.96
191000000	52.41
