0	50.82
500000	52.75
1000000	56.60
1500000	50.69
2000000	45.81
2500000	44.48
3000000	44.70
3500000	43.40
4000000	40.34
4500000	39.64
5000000	42.02
5500000	41.88
6000000	43.95
6500000	44.22
7000000	40.29
7500000	40.85
8000000	39.01
8500000	38.02
9000000	40.04
9500000	40.84
10000000	43.27
10500000	44.95
11000000	40.37
11500000	37.69
12000000	35.88
12500000	35.34
13000000	36.78
13500000	39.42
14000000	43.15
14500000	43.25
15000000	38.84
15500000	39.64
16000000	39.87
16500000	44.07
17000000	42.45
17500000	38.91
18000000	36.06
18500000	35.22
19000000	35.14
19500000	34.81
20000000	34.99
20500000	35.31
21000000	36.26
21500000	35.04
22000000	35.58
22500000	35.23
23000000	35.57
23500000	35.32
24000000	35.37
24500000	34.82
25000000	34.96
25500000	34.87
26000000	35.64
26500000	34.22
27000000	34.44
27500000	34.53
28000000	34.87
28500000	34.92
29000000	34.66
29500000	34.64
30000000	35.32
30500000	35.94
31000000	38.89
31500000	44.50
32000000	43.27
32500000	41.14
33000000	38.36
33500000	40.86
34000000	38.14
34500000	41.64
35000000	39.76
35500000	38.73
36000000	39.06
36500000	38.68
37000000	39.93
37500000	40.23
38000000	41.57
38500000	40.04
39000000	37.90
39500000	37.04
40000000	37.28
40500000	39.42
41000000	37.50
41500000	37.61
42000000	37.53
42500000	39.19
43000000	42.18
43500000	38.38
44000000	36.30
44500000	36.51
45000000	35.48
45500000	35.93
46000000	36.66
46500000	0.00
47000000	0.00
47500000	0.00
48000000	0.00
48500000	0.00
49000000	38.05
49500000	37.39
50000000	36.56
50500000	35.61
51000000	34.79
51500000	35.69
52000000	37.96
52500000	38.00
53000000	38.90
53500000	40.98
54000000	40.50
54500000	39.54
55000000	41.13
55500000	41.85
56000000	40.59
56500000	39.82
57000000	37.75
57500000	38.03
58000000	38.63
58500000	36.95
59000000	37.10
59500000	38.43
60000000	37.88
60500000	40.92
61000000	40.64
61500000	39.62
62000000	38.40
62500000	35.83
63000000	37.22
63500000	37.79
64000000	37.47
64500000	36.44
65000000	38.76
65500000	40.42
66000000	39.24
66500000	38.39
67000000	39.27
67500000	39.98
68000000	41.16
68500000	42.04
69000000	37.67
69500000	38.31
70000000	39.07
70500000	39.08
71000000	41.18
71500000	40.82
72000000	39.43
72500000	41.94
73000000	40.09
73500000	41.66
74000000	39.26
74500000	38.59
75000000	39.38
75500000	41.37
76000000	42.55
76500000	39.92
77000000	39.02
77500000	40.28
78000000	41.25
78500000	39.45
79000000	42.32
79500000	40.92
80000000	39.93
80500000	38.02
81000000	39.01
81500000	39.14
82000000	37.50
82500000	36.52
83000000	36.21
83500000	35.48
84000000	34.18
84500000	34.21
85000000	34.38
85500000	35.64
86000000	36.74
86500000	36.21
87000000	36.65
87500000	37.31
88000000	36.35
88500000	35.78
89000000	36.26
89500000	37.04
90000000	37.29
90500000	38.15
91000000	34.69
91500000	34.99
92000000	35.81
92500000	38.61
93000000	36.40
93500000	36.67
94000000	36.86
94500000	37.78
95000000	39.36
95500000	38.93
96000000	38.93
96500000	37.37
97000000	36.53
97500000	36.76
98000000	37.92
98500000	36.46
99000000	34.78
99500000	36.07
100000000	35.28
100500000	34.75
101000000	35.63
101500000	36.32
102000000	36.61
102500000	36.73
103000000	36.64
103500000	34.45
104000000	34.99
104500000	33.55
105000000	34.52
105500000	34.40
106000000	35.35
106500000	37.94
107000000	37.49
107500000	37.67
108000000	36.17
108500000	39.20
109000000	37.91
109500000	36.30
110000000	37.30
110500000	37.70
111000000	38.17
111500000	40.30
112000000	40.55
112500000	39.60
113000000	38.56
113500000	37.25
114000000	39.00
114500000	38.83
115000000	38.17
115500000	39.50
116000000	38.52
116500000	35.62
117000000	35.52
117500000	37.11
118000000	38.51
118500000	38.71
119000000	36.42
119500000	35.89
120000000	35.34
120500000	34.87
121000000	36.49
121500000	38.80
122000000	39.69
122500000	37.44
123000000	37.14
123500000	39.57
124000000	39.54
124500000	36.82
125000000	36.72
125500000	40.12
126000000	41.94
126500000	38.47
127000000	38.14
127500000	37.40
128000000	37.12
128500000	35.57
129000000	36.38
129500000	36.28
130000000	38.09
130500000	38.94
131000000	41.57
131500000	44.80
132000000	43.86
132500000	45.62
133000000	47.82
133500000	44.97
134000000	45.18
134500000	45.90
135000000	43.28
135500000	40.66
136000000	40.65
136500000	43.02
137000000	40.88
137500000	45.92
138000000	43.87
138500000	45.88
139000000	48.61
139500000	43.13
140000000	40.72
140500000	42.61
141000000	47.90
141500000	44.76
142000000	42.76
142500000	39.74
143000000	38.96
143500000	37.76
144000000	36.42
144500000	37.60
145000000	40.29
145500000	40.37
146000000	39.31
146500000	39.49
147000000	37.73
147500000	37.33
148000000	40.81
148500000	45.34
149000000	45.87
149500000	51.39
150000000	43.10
150500000	44.81
151000000	41.99
151500000	39.08
152000000	37.68
152500000	39.13
153000000	41.20
153500000	44.67
154000000	44.09
154500000	39.66
155000000	38.84
155500000	38.07
156000000	40.33
156500000	43.40
157000000	42.25
157500000	40.53
158000000	39.89
158500000	40.88
159000000	42.20
159500000	44.48
160000000	39.96
160500000	36.85
161000000	35.12
161500000	36.51
162000000	36.33
162500000	38.31
163000000	37.29
163500000	35.79
164000000	35.45
164500000	36.07
165000000	36.29
165500000	37.24
166000000	38.43
166500000	37.98
167000000	40.39
167500000	44.74
168000000	45.04
168500000	41.81
169000000	42.60
169500000	45.75
170000000	41.42
170500000	43.51
171000000	43.98
171500000	46.81
172000000	48.69
172500000	45.24
173000000	44.21
173500000	44.40
174000000	43.40
174500000	42.23
175000000	46.84
175500000	46.04
176000000	50.30
176500000	50.25
177000000	45.38
177500000	50.67
178000000	44.96
178500000	50.90
179000000	47.97
179500000	48.05
180000000	45.09
180500000	45.89
