0	44.31
500000	41.88
1000000	44.68
1500000	43.50
2000000	40.51
2500000	43.67
3000000	47.02
3500000	44.54
4000000	41.93
4500000	42.55
5000000	42.15
5500000	43.52
6000000	40.90
6500000	44.75
7000000	44.37
7500000	42.99
8000000	39.73
8500000	37.22
9000000	37.04
9500000	37.68
10000000	41.69
10500000	42.40
11000000	42.14
11500000	40.41
12000000	39.73
12500000	39.77
13000000	42.99
13500000	41.28
14000000	43.28
14500000	43.75
15000000	44.35
15500000	42.01
16000000	43.28
16500000	40.65
17000000	41.68
17500000	41.56
18000000	41.56
18500000	37.77
19000000	38.06
19500000	39.18
20000000	42.32
20500000	38.00
21000000	40.68
21500000	42.41
22000000	38.37
22500000	37.04
23000000	36.95
23500000	37.15
24000000	39.97
24500000	41.53
25000000	40.09
25500000	39.04
26000000	42.70
26500000	39.78
27000000	40.89
27500000	41.36
28000000	40.31
28500000	42.01
29000000	38.14
29500000	45.34
30000000	43.35
30500000	48.38
31000000	45.74
31500000	51.46
32000000	45.27
32500000	41.29
33000000	47.89
33500000	52.16
34000000	49.32
34500000	44.21
35000000	48.71
35500000	43.49
36000000	44.25
36500000	48.29
37000000	45.60
37500000	45.21
38000000	41.34
38500000	39.37
39000000	46.12
39500000	41.97
40000000	45.09
40500000	45.80
41000000	45.58
41500000	48.67
42000000	46.20
42500000	44.92
43000000	49.35
43500000	48.91
44000000	47.97
44500000	41.45
45000000	37.03
45500000	42.46
46000000	39.45
46500000	39.16
47000000	40.08
47500000	37.44
48000000	35.83
48500000	35.38
49000000	36.13
49500000	36.38
50000000	35.82
50500000	37.52
51000000	37.59
51500000	38.64
52000000	42.18
52500000	41.86
53000000	41.27
53500000	38.87
54000000	35.74
54500000	36.20
55000000	35.30
55500000	35.22
56000000	37.29
56500000	38.86
57000000	37.98
57500000	37.53
58000000	38.14
58500000	37.32
59000000	0.00
59500000	0.00
60000000	0.00
60500000	0.00
61000000	0.00
61500000	36.70
62000000	36.15
62500000	34.92
63000000	34.95
63500000	37.15
64000000	38.64
64500000	36.53
65000000	35.39
65500000	33.81
66000000	34.49
66500000	34.92
67000000	34.48
67500000	33.97
68000000	33.92
68500000	35.46
69000000	34.92
69500000	35.34
70000000	36.49
70500000	36.78
71000000	38.42
71500000	38.68
72000000	37.07
72500000	35.90
73000000	36.60
73500000	38.76
74000000	42.80
74500000	38.00
75000000	35.98
75500000	37.22
76000000	38.30
76500000	37.72
77000000	36.67
77500000	35.72
78000000	36.74
78500000	36.17
79000000	36.83
79500000	36.69
80000000	38.28
80500000	37.41
81000000	36.92
81500000	34.84
82000000	36.36
82500000	37.76
83000000	38.12
83500000	37.58
84000000	37.66
84500000	38.51
85000000	37.86
85500000	38.48
86000000	39.90
86500000	38.73
87000000	38.58
87500000	38.54
88000000	39.96
88500000	39.29
89000000	38.94
89500000	40.71
90000000	42.18
90500000	41.30
91000000	39.31
91500000	37.72
92000000	35.81
92500000	35.07
93000000	34.78
93500000	35.51
94000000	34.52
94500000	34.41
95000000	34.43
95500000	35.19
96000000	35.31
96500000	36.12
97000000	38.02
97500000	36.43
98000000	34.96
98500000	36.15
99000000	38.13
99500000	39.84
100000000	38.55
100500000	37.61
101000000	35.19
101500000	36.10
102000000	33.74
102500000	34.30
103000000	34.30
103500000	34.52
104000000	35.06
104500000	37.23
105000000	37.88
105500000	40.23
106000000	40.15
106500000	39.81
107000000	43.46
107500000	40.58
108000000	42.99
108500000	40.95
109000000	40.80
109500000	41.13
110000000	40.70
110500000	40.88
111000000	41.79
111500000	40.28
112000000	40.87
112500000	38.10
113000000	35.51
113500000	37.83
114000000	39.08
114500000	36.81
115000000	35.46
115500000	35.82
116000000	37.34
116500000	37.88
117000000	36.91
117500000	38.68
118000000	38.23
118500000	38.57
119000000	40.08
119500000	37.47
120000000	35.42
120500000	34.85
121000000	35.78
121500000	37.72
122000000	36.46
122500000	36.61
123000000	37.33
123500000	35.27
124000000	36.10
124500000	35.93
125000000	37.73
125500000	39.36
126000000	38.68
126500000	35.93
127000000	36.50
127500000	37.17
128000000	35.32
128500000	36.12
129000000	36.03
129500000	36.81
130000000	38.25
130500000	38.53
131000000	38.91
131500000	39.10
132000000	38.02
132500000	37.44
133000000	38.28
133500000	37.55
134000000	39.46
134500000	40.56
135000000	39.87
135500000	37.92
136000000	37.94
136500000	39.71
137000000	40.37
137500000	39.49
138000000	40.69
138500000	41.24
139000000	40.77
139500000	40.52
140000000	37.05
140500000	35.50
141000000	35.11
141500000	34.78
142000000	36.13
142500000	37.66
143000000	38.97
143500000	39.83
144000000	40.08
144500000	39.04
145000000	38.15
145500000	37.57
146000000	36.77
146500000	37.17
147000000	37.33
147500000	37.67
148000000	39.07
148500000	42.38
149000000	41.18
149500000	41.39
150000000	45.43
150500000	42.84
151000000	43.50
151500000	42.15
152000000	39.60
152500000	38.28
153000000	37.65
153500000	35.77
154000000	37.73
154500000	41.30
155000000	42.16
155500000	39.13
156000000	38.32
156500000	40.66
157000000	40.87
157500000	45.31
158000000	45.50
158500000	43.57
159000000	44.56
159500000	43.01
160000000	43.72
160500000	42.58
161000000	40.24
161500000	43.26
162000000	40.76
162500000	39.56
163000000	37.90
163500000	41.03
164000000	42.67
164500000	39.20
165000000	37.50
165500000	38.67
166000000	42.91
166500000	45.23
167000000	44.68
167500000	47.32
168000000	46.19
168500000	48.30
169000000	44.59
169500000	43.41
170000000	47.94
170500000	45.12
171000000	47.04
