0	54.30
500000	55.07
1000000	56.87
1500000	56.05
2000000	53.31
2500000	53.02
3000000	43.80
3500000	40.86
4000000	47.34
4500000	49.45
5000000	50.54
5500000	49.19
6000000	46.41
6500000	49.44
7000000	39.63
7500000	37.61
8000000	39.19
8500000	36.11
9000000	34.90
9500000	34.86
10000000	35.27
10500000	37.50
11000000	36.30
11500000	35.17
12000000	35.86
12500000	37.81
13000000	35.46
13500000	35.97
14000000	35.70
14500000	34.86
15000000	35.47
15500000	35.62
16000000	36.45
16500000	38.65
17000000	36.82
17500000	37.20
18000000	36.94
18500000	35.80
19000000	36.56
19500000	36.07
20000000	36.86
20500000	38.21
21000000	38.88
21500000	39.03
22000000	40.84
22500000	41.21
23000000	40.78
23500000	40.46
24000000	40.19
24500000	39.79
25000000	41.10
25500000	41.03
26000000	42.72
26500000	39.33
27000000	44.52
27500000	39.45
28000000	40.58
28500000	40.85
29000000	41.75
29500000	41.25
30000000	40.98
30500000	46.61
31000000	43.04
31500000	39.06
32000000	41.23
32500000	40.96
33000000	38.57
33500000	40.59
34000000	39.77
34500000	39.13
35000000	39.28
35500000	40.26
36000000	43.27
36500000	41.71
37000000	41.43
37500000	38.72
38000000	38.81
38500000	39.17
39000000	39.28
39500000	41.68
40000000	39.13
40500000	38.57
41000000	39.40
41500000	40.22
42000000	40.56
42500000	39.45
43000000	41.22
43500000	42.76
44000000	51.02
44500000	46.45
45000000	45.91
45500000	44.42
46000000	39.48
46500000	38.83
47000000	43.32
47500000	46.49
48000000	40.39
48500000	37.99
49000000	36.36
49500000	38.26
50000000	39.60
50500000	44.13
51000000	43.75
51500000	40.40
52000000	38.10
52500000	36.39
53000000	36.74
53500000	35.98
54000000	36.64
54500000	39.29
55000000	43.70
55500000	44.19
56000000	45.21
56500000	43.48
57000000	46.13
57500000	39.49
58000000	36.85
58500000	0.00
59000000	0.00
59500000	0.00
60000000	0.00
60500000	0.00
61000000	36.96
61500000	36.41
62000000	37.69
62500000	40.93
63000000	46.02
63500000	40.13
64000000	42.39
64500000	40.71
65000000	42.29
65500000	44.76
66000000	46.24
66500000	43.71
67000000	44.25
67500000	43.00
68000000	43.27
68500000	44.03
69000000	40.50
69500000	40.14
70000000	44.37
70500000	44.11
71000000	44.06
71500000	43.35
72000000	44.33
72500000	48.43
73000000	51.39
73500000	51.28
74000000	47.98
74500000	48.56
75000000	48.15
75500000	49.63
76000000	42.85
76500000	41.44
77000000	39.96
77500000	39.40
78000000	36.40
78500000	35.80
79000000	34.97
79500000	36.53
80000000	36.09
80500000	36.96
81000000	35.19
81500000	34.87
82000000	36.51
82500000	34.55
83000000	35.08
83500000	34.48
84000000	34.37
84500000	34.70
85000000	34.49
85500000	34.62
86000000	36.43
86500000	38.28
87000000	36.69
87500000	37.68
88000000	36.32
88500000	34.79
89000000	35.72
89500000	37.32
90000000	38.30
90500000	38.39
91000000	38.78
91500000	37.66
92000000	39.18
92500000	37.44
93000000	36.03
93500000	37.08
94000000	36.94
94500000	37.16
95000000	38.12
95500000	39.15
96000000	38.13
96500000	39.92
97000000	38.75
97500000	47.09
98000000	47.59
98500000	46.56
99000000	44.43
99500000	48.79
100000000	52.82
100500000	50.86
101000000	49.99
101500000	49.18
102000000	47.82
102500000	39.45
103000000	38.11
103500000	38.14
104000000	39.84
104500000	40.75
105000000	44.61
105500000	42.26
106000000	40.18
106500000	39.13
107000000	38.45
107500000	40.19
108000000	38.60
108500000	35.85
109000000	35.07
109500000	35.72
110000000	37.05
110500000	35.53
111000000	38.54
111500000	38.57
112000000	38.72
112500000	36.71
113000000	35.97
113500000	35.89
114000000	35.44
114500000	36.03
115000000	35.06
115500000	36.06
116000000	39.08
116500000	39.56
117000000	36.95
117500000	37.43
118000000	34.73
118500000	34.36
119000000	34.41
119500000	35.07
120000000	35.92
120500000	36.83
121000000	37.06
121500000	37.14
122000000	36.55
122500000	36.60
123000000	37.29
123500000	36.96
124000000	36.20
124500000	35.95
125000000	34.68
125500000	35.04
126000000	36.34
126500000	38.58
127000000	40.63
127500000	46.05
128000000	46.62
128500000	44.42
129000000	44.40
129500000	43.61
130000000	41.10
130500000	41.97
131000000	42.91
131500000	45.70
132000000	45.55
132500000	39.78
133000000	37.63
133500000	39.78
134000000	42.23
134500000	40.80
135000000	41.32
135500000	39.44
136000000	36.69
136500000	36.68
137000000	38.85
137500000	41.44
138000000	42.64
138500000	42.21
139000000	45.34
139500000	44.17
140000000	45.42
140500000	41.30
141000000	42.09
141500000	39.29
142000000	42.73
142500000	42.09
143000000	42.65
143500000	38.99
144000000	39.19
144500000	37.33
145000000	35.90
145500000	35.94
146000000	35.77
146500000	36.07
147000000	37.27
147500000	40.14
148000000	42.73
148500000	46.17
149000000	46.01
149500000	44.76
150000000	43.80
150500000	52.33
151000000	47.65
151500000	42.75
152000000	43.99
152500000	43.47
153000000	40.89
153500000	43.28
154000000	42.21
154500000	45.66
155000000	49.01
155500000	48.21
156000000	43.38
156500000	43.70
157000000	50.11
157500000	51.49
158000000	49.13
158500000	46.75
159000000	40.51
