0	43.70
500000	48.37
1000000	48.22
1500000	48.19
2000000	43.48
2500000	39.28
3000000	39.19
3500000	38.51
4000000	37.94
4500000	37.73
5000000	37.87
5500000	38.57
6000000	42.50
6500000	44.75
7000000	45.33
7500000	45.57
8000000	43.21
8500000	42.89
9000000	42.06
9500000	41.47
10000000	45.25
10500000	46.78
11000000	45.11
11500000	45.28
12000000	44.01
12500000	42.22
13000000	37.87
13500000	36.02
14000000	34.89
14500000	35.67
15000000	37.54
15500000	36.95
16000000	35.21
16500000	37.37
17000000	40.09
17500000	39.31
18000000	39.29
18500000	40.24
19000000	41.76
19500000	41.08
20000000	44.53
20500000	43.03
21000000	43.65
21500000	49.60
22000000	47.93
22500000	47.98
23000000	45.73
23500000	40.33
24000000	36.99
24500000	39.83
25000000	41.47
25500000	41.65
26000000	42.96
26500000	40.30
27000000	45.71
27500000	43.86
28000000	43.16
28500000	41.19
29000000	42.97
29500000	42.16
30000000	42.53
30500000	39.84
31000000	38.64
31500000	37.39
32000000	38.53
32500000	37.92
33000000	42.02
33500000	40.23
34000000	37.30
34500000	37.16
35000000	38.08
35500000	38.85
36000000	38.52
36500000	38.75
37000000	44.29
37500000	47.43
38000000	44.32
38500000	42.42
39000000	36.00
39500000	38.07
40000000	39.78
40500000	42.24
41000000	44.73
41500000	45.68
42000000	44.89
42500000	43.23
43000000	40.52
43500000	37.54
44000000	0.00
44500000	0.00
45000000	0.00
45500000	0.00
46000000	0.00
46500000	39.65
47000000	47.31
47500000	40.88
48000000	40.65
48500000	42.75
49000000	43.53
49500000	41.50
50000000	36.81
50500000	36.54
51000000	36.08
51500000	35.16
52000000	37.91
52500000	38.92
53000000	40.03
53500000	39.57
54000000	39.77
54500000	40.93
55000000	42.11
55500000	38.26
56000000	40.23
56500000	41.88
57000000	40.17
57500000	38.62
58000000	40.22
58500000	38.43
59000000	38.88
59500000	38.24
60000000	36.82
60500000	36.14
61000000	40.07
61500000	41.62
62000000	39.74
62500000	37.61
63000000	37.16
63500000	38.01
64000000	39.24
64500000	35.82
65000000	37.41
65500000	37.35
66000000	39.16
66500000	40.24
67000000	41.30
67500000	40.25
68000000	39.13
68500000	39.11
69000000	37.02
69500000	36.78
70000000	38.70
70500000	42.14
71000000	39.23
71500000	38.19
72000000	37.85
72500000	38.23
73000000	38.28
73500000	39.36
74000000	41.13
74500000	40.08
75000000	39.26
75500000	36.73
76000000	35.99
76500000	34.96
77000000	34.81
77500000	36.57
78000000	34.09
78500000	34.68
79000000	35.26
79500000	35.65
80000000	36.98
80500000	39.92
81000000	41.76
81500000	40.85
82000000	38.19
82500000	37.42
83000000	34.89
83500000	34.04
84000000	35.09
84500000	35.49
85000000	34.86
85500000	36.36
86000000	38.43
86500000	41.45
87000000	38.35
87500000	37.43
88000000	35.51
88500000	36.11
89000000	35.67
89500000	35.19
90000000	35.80
90500000	37.77
91000000	37.54
91500000	37.70
92000000	36.41
92500000	37.76
93000000	37.99
93500000	35.82
94000000	38.55
94500000	40.60
95000000	40.53
95500000	41.51
96000000	41.81
96500000	38.76
97000000	41.45
97500000	39.15
98000000	40.82
98500000	43.30
99000000	42.24
99500000	38.87
100000000	36.15
100500000	37.92
101000000	40.11
101500000	43.18
102000000	43.53
102500000	40.71
103000000	40.28
103500000	45.14
104000000	40.25
104500000	36.13
105000000	37.73
105500000	38.34
106000000	36.09
106500000	36.29
107000000	36.99
107500000	37.51
108000000	36.59
108500000	37.92
109000000	37.40
109500000	37.11
110000000	36.74
110500000	37.24
111000000	34.70
111500000	34.33
112000000	34.16
112500000	34.90
113000000	34.81
113500000	33.74
114000000	33.83
114500000	34.75
115000000	34.45
115500000	34.56
116000000	36.39
116500000	35.85
117000000	38.10
117500000	39.51
118000000	38.19
118500000	39.91
119000000	40.20
119500000	38.50
120000000	38.40
120500000	40.34
121000000	38.67
121500000	39.10
122000000	37.46
122500000	38.21
123000000	37.18
123500000	44.00
124000000	42.52
124500000	42.48
125000000	41.43
125500000	43.65
126000000	41.86
126500000	41.94
127000000	38.84
127500000	40.34
128000000	39.55
128500000	44.70
129000000	41.71
129500000	38.31
130000000	38.26
130500000	40.16
131000000	43.26
131500000	41.41
132000000	38.44
132500000	38.46
133000000	43.05
133500000	40.75
134000000	46.96
134500000	44.30
135000000	41.29
135500000	43.21
136000000	42.33
136500000	41.03
137000000	38.39
137500000	36.91
138000000	37.16
138500000	38.46
139000000	41.60
139500000	45.48
140000000	42.31
140500000	49.83
141000000	45.40
141500000	43.32
142000000	53.67
142500000	53.75
143000000	55.08
143500000	54.77
144000000	53.92
144500000	57.25
145000000	57.11
145500000	55.75
146000000	46.93
