0	41.77
500000	43.12
1000000	39.99
1500000	39.42
2000000	40.22
2500000	40.11
3000000	36.51
3500000	38.96
4000000	40.56
4500000	41.15
5000000	38.38
5500000	39.09
6000000	39.79
6500000	42.55
7000000	40.15
7500000	38.71
8000000	37.68
8500000	37.17
9000000	35.26
9500000	34.92
10000000	34.47
10500000	35.82
11000000	35.53
11500000	34.30
12000000	35.01
12500000	36.00
13000000	37.15
13500000	38.02
14000000	38.93
14500000	38.64
15000000	40.22
15500000	37.27
16000000	42.86
16500000	39.70
17000000	36.98
17500000	39.15
18000000	38.03
18500000	40.03
19000000	42.06
19500000	39.22
20000000	38.66
20500000	37.30
21000000	37.66
21500000	38.80
22000000	37.52
22500000	35.85
23000000	35.83
23500000	38.53
24000000	36.30
24500000	35.16
25000000	34.72
25500000	36.33
26000000	36.51
26500000	38.46
27000000	40.42
27500000	38.65
28000000	36.48
28500000	35.44
29000000	35.36
29500000	34.89
30000000	34.57
30500000	34.53
31000000	35.39
31500000	36.26
32000000	38.45
32500000	41.17
33000000	45.97
33500000	41.64
34000000	45.26
34500000	46.67
35000000	43.00
35500000	46.54
36000000	43.19
36500000	46.38
37000000	41.57
37500000	44.66
38000000	46.37
38500000	41.65
39000000	38.99
39500000	39.91
40000000	39.65
40500000	39.48
41000000	40.42
41500000	40.09
42000000	38.08
42500000	37.81
43000000	40.21
43500000	39.03
44000000	40.15
44500000	43.06
45000000	42.01
45500000	37.05
46000000	42.10
46500000	38.33
47000000	41.39
47500000	0.00
48000000	0.00
48500000	0.00
49000000	0.00
49500000	0.00
50000000	0.00
50500000	0.00
51000000	0.00
51500000	0.00
52000000	0.00
52500000	0.00
53000000	0.00
53500000	0.00
54000000	0.00
54500000	0.00
55000000	0.00
55500000	0.00
56000000	0.00
56500000	0.00
57000000	0.00
57500000	0.00
58000000	0.00
58500000	0.00
59000000	0.00
59500000	0.00
60000000	0.00
60500000	0.00
61000000	0.00
61500000	0.00
62000000	0.00
62500000	0.00
63000000	0.00
63500000	0.00
64000000	0.00
64500000	0.00
65000000	40.26
65500000	40.11
66000000	39.97
66500000	38.45
67000000	40.39
67500000	41.03
68000000	37.75
68500000	39.57
69000000	39.33
69500000	38.37
70000000	38.92
70500000	39.09
71000000	40.50
71500000	42.54
72000000	40.30
72500000	39.41
73000000	40.73
73500000	37.12
74000000	38.89
74500000	40.85
75000000	39.59
75500000	35.88
76000000	34.84
76500000	35.95
77000000	38.10
77500000	39.84
78000000	38.77
78500000	40.26
79000000	41.48
79500000	39.27
80000000	40.69
80500000	40.52
81000000	39.29
81500000	38.27
82000000	39.16
82500000	37.85
83000000	36.19
83500000	37.47
84000000	41.91
84500000	39.17
85000000	38.38
85500000	39.94
86000000	40.39
86500000	41.20
87000000	40.99
87500000	40.86
88000000	39.55
88500000	41.36
89000000	41.14
89500000	40.64
90000000	44.47
90500000	44.60
91000000	42.63
91500000	43.15
92000000	48.65
92500000	43.39
93000000	39.64
93500000	44.13
94000000	41.19
94500000	44.96
95000000	41.87
95500000	48.95
96000000	46.36
96500000	43.74
97000000	43.38
97500000	42.97
98000000	44.18
98500000	43.08
99000000	43.48
99500000	41.42
100000000	43.04
100500000	45.45
101000000	45.81
101500000	44.73
102000000	40.82
102500000	38.57
103000000	40.14
103500000	38.12
104000000	38.87
104500000	36.32
105000000	35.06
105500000	34.65
106000000	35.44
106500000	35.95
107000000	37.26
107500000	42.51
108000000	38.69
108500000	39.34
109000000	38.60
109500000	40.50
110000000	44.34
110500000	41.83
111000000	40.42
111500000	41.48
112000000	43.23
112500000	42.87
113000000	38.26
113500000	38.20
114000000	40.28
114500000	41.47
115000000	40.05
115500000	43.85
116000000	46.71
116500000	46.39
117000000	47.51
117500000	41.31
118000000	38.43
118500000	38.62
119000000	41.76
119500000	41.66
120000000	40.38
120500000	37.72
121000000	37.34
121500000	37.96
122000000	40.22
122500000	42.53
123000000	42.71
123500000	41.68
124000000	47.64
124500000	47.07
125000000	41.05
125500000	40.08
126000000	45.62
126500000	44.15
127000000	46.90
127500000	44.43
128000000	43.69
128500000	43.50
129000000	48.38
129500000	46.16
130000000	48.43
130500000	53.25
131000000	50.75
131500000	52.07
132000000	53.04
132500000	48.41
133000000	51.76
133500000	50.67
134000000	49.29
134500000	46.25
135000000	48.50
135500000	48.01
136000000	53.93
136500000	55.07
137000000	56.35
137500000	53.31
138000000	53.18
138500000	54.46
139000000	59.09
139500000	58.98
140000000	58.22
140500000	49.75
141000000	46.93
