0	53.00
500000	45.83
1000000	49.63
1500000	48.17
2000000	46.49
2500000	44.86
3000000	41.45
3500000	43.76
4000000	37.97
4500000	37.33
5000000	37.57
5500000	38.10
6000000	39.42
6500000	40.67
7000000	40.28
7500000	39.30
8000000	38.69
8500000	39.37
9000000	43.06
9500000	46.15
10000000	42.34
10500000	39.08
11000000	39.10
11500000	39.42
12000000	38.67
12500000	40.93
13000000	40.77
13500000	41.32
14000000	38.36
14500000	37.90
15000000	38.98
15500000	40.14
16000000	39.37
16500000	42.80
17000000	40.88
17500000	42.67
18000000	41.52
18500000	42.48
19000000	42.90
19500000	42.77
20000000	40.85
20500000	38.36
21000000	36.69
21500000	38.63
22000000	39.97
22500000	36.82
23000000	38.91
23500000	42.49
24000000	42.51
24500000	39.94
25000000	39.77
25500000	36.71
26000000	36.76
26500000	35.96
27000000	36.27
27500000	36.68
28000000	36.30
28500000	36.34
29000000	36.35
29500000	36.33
30000000	38.54
30500000	40.10
31000000	39.17
31500000	36.46
32000000	35.31
32500000	36.26
33000000	35.70
33500000	35.83
34000000	35.98
34500000	36.38
35000000	37.04
35500000	36.53
36000000	35.55
36500000	37.77
37000000	39.55
37500000	38.31
38000000	39.47
38500000	40.22
39000000	44.58
39500000	48.84
40000000	46.86
40500000	41.55
41000000	42.97
41500000	38.75
42000000	38.90
42500000	37.72
43000000	38.66
43500000	39.83
44000000	41.04
44500000	40.35
45000000	39.14
45500000	39.38
46000000	41.34
46500000	41.51
47000000	46.85
47500000	42.17
48000000	45.59
48500000	49.20
49000000	46.56
49500000	40.45
50000000	40.17
50500000	39.91
51000000	39.99
51500000	39.71
52000000	41.25
52500000	44.17
53000000	45.95
53500000	42.10
54000000	42.85
54500000	42.00
55000000	39.81
55500000	39.40
56000000	38.83
56500000	40.03
57000000	38.41
57500000	38.47
58000000	41.24
58500000	37.98
59000000	0.00
59500000	0.00
60000000	0.00
60500000	0.00
61000000	0.00
61500000	37.75
62000000	37.84
62500000	38.88
63000000	40.40
63500000	38.86
64000000	38.52
64500000	41.91
65000000	39.37
65500000	38.02
66000000	37.73
66500000	38.27
67000000	38.48
67500000	42.83
68000000	47.92
68500000	42.15
69000000	41.22
69500000	40.89
70000000	43.87
70500000	44.97
71000000	44.55
71500000	40.14
72000000	40.89
72500000	38.19
73000000	40.10
73500000	41.47
74000000	38.68
74500000	39.09
75000000	38.95
75500000	37.90
76000000	39.42
76500000	38.86
77000000	40.07
77500000	37.13
78000000	36.85
78500000	36.53
79000000	37.19
79500000	37.09
80000000	37.36
80500000	35.86
81000000	36.59
81500000	35.84
82000000	36.19
82500000	36.41
83000000	35.76
83500000	35.86
84000000	37.32
84500000	36.54
85000000	37.24
85500000	35.92
86000000	35.57
86500000	36.25
87000000	36.15
87500000	35.62
88000000	35.50
88500000	35.59
89000000	35.95
89500000	35.56
90000000	36.38
90500000	36.21
91000000	36.28
91500000	35.76
92000000	36.30
92500000	36.41
93000000	36.27
93500000	35.85
94000000	35.77
94500000	35.94
95000000	36.46
95500000	37.91
96000000	36.05
96500000	38.33
97000000	37.20
97500000	37.01
98000000	35.86
98500000	35.74
99000000	37.12
99500000	40.28
100000000	41.75
100500000	41.16
101000000	39.15
101500000	40.78
102000000	40.53
102500000	40.37
103000000	41.68
103500000	39.69
104000000	38.13
104500000	36.53
105000000	37.59
105500000	37.61
106000000	38.30
106500000	43.97
107000000	41.13
107500000	37.05
108000000	37.06
108500000	39.47
109000000	41.05
109500000	39.60
110000000	39.16
110500000	38.38
111000000	39.53
111500000	38.79
112000000	38.79
112500000	36.54
113000000	37.35
113500000	35.62
114000000	36.88
114500000	41.72
115000000	38.50
115500000	36.32
116000000	36.89
116500000	38.07
117000000	38.54
117500000	40.81
118000000	42.71
118500000	45.48
119000000	42.80
119500000	40.28
120000000	39.93
120500000	36.32
121000000	36.59
121500000	36.75
122000000	38.46
122500000	40.57
123000000	39.79
123500000	37.33
124000000	36.61
124500000	36.55
125000000	36.08
125500000	35.76
126000000	35.88
126500000	35.35
127000000	35.19
127500000	37.81
128000000	39.15
128500000	42.98
129000000	45.16
129500000	39.98
130000000	39.49
130500000	39.32
131000000	38.81
131500000	39.30
132000000	41.21
132500000	41.10
133000000	39.86
133500000	41.30
134000000	42.14
134500000	41.61
135000000	41.25
135500000	41.11
136000000	40.05
136500000	40.41
137000000	38.39
137500000	37.98
138000000	39.14
138500000	38.45
139000000	39.71
139500000	39.86
140000000	39.14
140500000	38.27
141000000	38.29
141500000	36.79
142000000	36.90
142500000	37.89
143000000	36.29
143500000	36.22
144000000	37.19
144500000	38.09
145000000	38.51
145500000	36.85
146000000	36.89
146500000	37.59
147000000	38.85
147500000	38.61
148000000	39.85
148500000	44.29
149000000	42.63
149500000	43.35
150000000	42.88
150500000	42.16
151000000	39.90
151500000	40.70
152000000	47.30
152500000	53.05
153000000	52.63
153500000	51.35
154000000	39.61
154500000	38.40
155000000	41.41
