0	51.78
500000	46.16
1000000	50.62
1500000	47.36
2000000	46.40
2500000	40.74
3000000	36.05
3500000	35.68
4000000	36.14
4500000	36.02
5000000	35.86
5500000	36.10
6000000	39.94
6500000	39.77
7000000	41.83
7500000	40.06
8000000	40.53
8500000	41.52
9000000	42.24
9500000	41.17
10000000	41.22
10500000	0.00
11000000	0.00
11500000	0.00
12000000	0.00
12500000	0.00
13000000	43.66
13500000	39.41
14000000	41.59
14500000	40.17
15000000	38.30
15500000	39.25
16000000	38.98
16500000	38.70
17000000	38.66
17500000	39.22
18000000	38.05
18500000	36.95
19000000	38.41
19500000	39.51
20000000	39.23
20500000	38.60
21000000	39.51
21500000	38.20
22000000	40.27
22500000	38.58
23000000	38.97
23500000	40.28
24000000	40.03
24500000	39.74
25000000	39.23
25500000	38.18
26000000	40.03
26500000	39.92
27000000	40.18
27500000	39.65
28000000	38.17
28500000	39.61
29000000	0.00
29500000	0.00
30000000	0.00
30500000	0.00
31000000	0.00
31500000	0.00
32000000	0.00
32500000	0.00
33000000	0.00
33500000	0.00
34000000	0.00
34500000	0.00
35000000	0.00
35500000	0.00
36000000	0.00
36500000	0.00
37000000	0.00
37500000	0.00
38000000	0.00
38500000	0.00
39000000	0.00
39500000	0.00
40000000	0.00
40500000	0.00
41000000	0.00
41500000	0.00
42000000	0.00
42500000	0.00
43000000	0.00
43500000	0.00
44000000	0.00
44500000	0.00
45000000	0.00
45500000	0.00
46000000	0.00
46500000	0.00
47000000	0.00
47500000	0.00
48000000	0.00
48500000	0.00
49000000	0.00
49500000	0.00
50000000	0.00
50500000	0.00
51000000	0.00
51500000	0.00
52000000	0.00
52500000	0.00
53000000	0.00
53500000	0.00
54000000	0.00
54500000	0.00
55000000	0.00
55500000	0.00
56000000	0.00
56500000	0.00
57000000	0.00
57500000	0.00
58000000	0.00
58500000	40.23
59000000	40.50
